URL,EXTRACTED VALUE
"/media/Dados/bases/SWDE/book/book-bookdepository/1332.htm",Tom Stoppard
"/media/Dados/bases/SWDE/book/book-bookdepository/1541.htm",Amorah Quan-Yin
"/media/Dados/bases/SWDE/book/book-bookdepository/0680.htm",Paullina Simons
"/media/Dados/bases/SWDE/book/book-bookdepository/1475.htm",Guy Purcella
"/media/Dados/bases/SWDE/book/book-bookdepository/1845.htm",Jed E. Baker
"/media/Dados/bases/SWDE/book/book-bookdepository/0372.htm",Arnaldur Indridason
"/media/Dados/bases/SWDE/book/book-bookdepository/0974.htm",John Williams
"/media/Dados/bases/SWDE/book/book-bookdepository/0959.htm",Terry Pratchett
"/media/Dados/bases/SWDE/book/book-bookdepository/0403.htm",Oliver Bowden
"/media/Dados/bases/SWDE/book/book-bookdepository/1170.htm",Susan Wasinger
"/media/Dados/bases/SWDE/book/book-bookdepository/0544.htm",Meg Waite Clayton
"/media/Dados/bases/SWDE/book/book-bookdepository/0911.htm",Matthew Reilly
"/media/Dados/bases/SWDE/book/book-bookdepository/1301.htm",Roberto Bolano
"/media/Dados/bases/SWDE/book/book-bookdepository/0455.htm",Mitch Albom
"/media/Dados/bases/SWDE/book/book-bookdepository/1867.htm",Fannie Flagg
"/media/Dados/bases/SWDE/book/book-bookdepository/1302.htm",Daniel J. Levitin
"/media/Dados/bases/SWDE/book/book-bookdepository/0908.htm",Jasper Fforde
"/media/Dados/bases/SWDE/book/book-bookdepository/0206.htm",Harper Lee
"/media/Dados/bases/SWDE/book/book-bookdepository/0978.htm",Kinney Jeff
"/media/Dados/bases/SWDE/book/book-bookdepository/1336.htm",Olen Steinhauer
"/media/Dados/bases/SWDE/book/book-bookdepository/1860.htm",Thomas Berger
"/media/Dados/bases/SWDE/book/book-bookdepository/0065.htm",Joe Navarro
"/media/Dados/bases/SWDE/book/book-bookdepository/0393.htm",Charlaine Harris
"/media/Dados/bases/SWDE/book/book-bookdepository/1962.htm",Philip Pullman
"/media/Dados/bases/SWDE/book/book-bookdepository/0795.htm",Karl Marx
"/media/Dados/bases/SWDE/book/book-bookdepository/1278.htm",Arthur Charles Clarke
"/media/Dados/bases/SWDE/book/book-bookdepository/0339.htm",Jana Oliver
"/media/Dados/bases/SWDE/book/book-bookdepository/0032.htm",Sandor Ellix Katz
"/media/Dados/bases/SWDE/book/book-bookdepository/1854.htm",Mark Twain
"/media/Dados/bases/SWDE/book/book-bookdepository/0285.htm",Deborah Blum
"/media/Dados/bases/SWDE/book/book-bookdepository/1189.htm",Robert Asprin
"/media/Dados/bases/SWDE/book/book-bookdepository/1892.htm",Robert Bly
"/media/Dados/bases/SWDE/book/book-bookdepository/0342.htm",Barbara Demick
"/media/Dados/bases/SWDE/book/book-bookdepository/1227.htm",Oxford Dictionaries
"/media/Dados/bases/SWDE/book/book-bookdepository/0268.htm",Naomi Oreskes
"/media/Dados/bases/SWDE/book/book-bookdepository/1729.htm",S.M. Sterling
"/media/Dados/bases/SWDE/book/book-bookdepository/1054.htm",Rosie Alison
"/media/Dados/bases/SWDE/book/book-bookdepository/1660.htm",Nicholas Sparks
"/media/Dados/bases/SWDE/book/book-bookdepository/0111.htm",Angela Knight
"/media/Dados/bases/SWDE/book/book-bookdepository/1015.htm",Howard Jacobson
"/media/Dados/bases/SWDE/book/book-bookdepository/0172.htm",Francesca DenHartog
"/media/Dados/bases/SWDE/book/book-bookdepository/0299.htm",Bob Graham
"/media/Dados/bases/SWDE/book/book-bookdepository/1776.htm",Toni Morrison
"/media/Dados/bases/SWDE/book/book-bookdepository/1847.htm","Betancourt, Jeanne"
"/media/Dados/bases/SWDE/book/book-bookdepository/0528.htm",Kresley Cole
"/media/Dados/bases/SWDE/book/book-bookdepository/0290.htm",Joy Kogawa
"/media/Dados/bases/SWDE/book/book-bookdepository/0103.htm",Cronin Justin
"/media/Dados/bases/SWDE/book/book-bookdepository/1141.htm",Conn Iggulden
"/media/Dados/bases/SWDE/book/book-bookdepository/1268.htm",Diana Pharaoh Francis
"/media/Dados/bases/SWDE/book/book-bookdepository/0703.htm",Daniel Woodrell
"/media/Dados/bases/SWDE/book/book-bookdepository/1271.htm",Douglas R. Hofstadter
"/media/Dados/bases/SWDE/book/book-bookdepository/1781.htm","Nabokov, Vladimir Vladimirovich"
"/media/Dados/bases/SWDE/book/book-bookdepository/0450.htm",Jodi Picoult
"/media/Dados/bases/SWDE/book/book-bookdepository/0490.htm",Rae Morris
"/media/Dados/bases/SWDE/book/book-bookdepository/1718.htm",Viktor E. Frankl
"/media/Dados/bases/SWDE/book/book-bookdepository/0981.htm",Barbara Kingsolver
"/media/Dados/bases/SWDE/book/book-bookdepository/1276.htm",William Gibson
"/media/Dados/bases/SWDE/book/book-bookdepository/0113.htm",Nora Roberts
"/media/Dados/bases/SWDE/book/book-bookdepository/1642.htm",Nora Roberts
"/media/Dados/bases/SWDE/book/book-bookdepository/1451.htm",Fedor Emelianenko
"/media/Dados/bases/SWDE/book/book-bookdepository/0019.htm",Lorraine Massey
"/media/Dados/bases/SWDE/book/book-bookdepository/1291.htm","Mitchell, David"
"/media/Dados/bases/SWDE/book/book-bookdepository/1028.htm",James Ponti
"/media/Dados/bases/SWDE/book/book-bookdepository/0022.htm",Rachel Caine
"/media/Dados/bases/SWDE/book/book-bookdepository/1578.htm",T.K.V. Desikachar
"/media/Dados/bases/SWDE/book/book-bookdepository/1200.htm",L.J. Smith
"/media/Dados/bases/SWDE/book/book-bookdepository/0000.htm",Tatiana De Rosnay
"/media/Dados/bases/SWDE/book/book-bookdepository/0004.htm",Craig Silvey
"/media/Dados/bases/SWDE/book/book-bookdepository/0493.htm",Maisie Parrish
"/media/Dados/bases/SWDE/book/book-bookdepository/0861.htm",Virginia Jensen
"/media/Dados/bases/SWDE/book/book-bookdepository/0934.htm",Francine Rivers
"/media/Dados/bases/SWDE/book/book-bookdepository/1685.htm",Sue Grafton
"/media/Dados/bases/SWDE/book/book-bookdepository/1273.htm",David Bornstein
"/media/Dados/bases/SWDE/book/book-bookdepository/0125.htm",Jo Nesbo
"/media/Dados/bases/SWDE/book/book-bookdepository/0017.htm",Wynn Kapit
"/media/Dados/bases/SWDE/book/book-bookdepository/0525.htm",Tonya Ricucci
"/media/Dados/bases/SWDE/book/book-bookdepository/1159.htm",Mike Bubel
"/media/Dados/bases/SWDE/book/book-bookdepository/0530.htm",L.J. Smith
"/media/Dados/bases/SWDE/book/book-bookdepository/1322.htm",Kurt Vonnegut
"/media/Dados/bases/SWDE/book/book-bookdepository/1453.htm",Dave Randolph
"/media/Dados/bases/SWDE/book/book-bookdepository/0325.htm",Bryan Lee O'Malley
"/media/Dados/bases/SWDE/book/book-bookdepository/1429.htm",Maisie Parrish
"/media/Dados/bases/SWDE/book/book-bookdepository/1996.htm","Joseph, Murphy"
"/media/Dados/bases/SWDE/book/book-bookdepository/1008.htm",Laura Lee Guhrke
"/media/Dados/bases/SWDE/book/book-bookdepository/0306.htm","Donaldson, Julia/ Scheffler, Axel (ILT)"
"/media/Dados/bases/SWDE/book/book-bookdepository/1657.htm",Ken Follett
"/media/Dados/bases/SWDE/book/book-bookdepository/1320.htm",Kurt Vonnegut
"/media/Dados/bases/SWDE/book/book-bookdepository/1205.htm",Richelle Mead
"/media/Dados/bases/SWDE/book/book-bookdepository/1330.htm",Albert Camus
"/media/Dados/bases/SWDE/book/book-bookdepository/1857.htm",Jan Eaton
"/media/Dados/bases/SWDE/book/book-bookdepository/1380.htm",John Robbins
"/media/Dados/bases/SWDE/book/book-bookdepository/1849.htm",John Abrams
"/media/Dados/bases/SWDE/book/book-bookdepository/0668.htm","Kinsella, Sophie"
"/media/Dados/bases/SWDE/book/book-bookdepository/1977.htm",Cristian Bonetto
"/media/Dados/bases/SWDE/book/book-bookdepository/1828.htm",Tadashi Ono
"/media/Dados/bases/SWDE/book/book-bookdepository/0346.htm",Patricia Briggs
"/media/Dados/bases/SWDE/book/book-bookdepository/1841.htm",Margaret Wise Brown
"/media/Dados/bases/SWDE/book/book-bookdepository/0963.htm",Gary Chapman
"/media/Dados/bases/SWDE/book/book-bookdepository/1179.htm",Jaspreet Singh
"/media/Dados/bases/SWDE/book/book-bookdepository/1982.htm",Charles Rawlings-Way
"/media/Dados/bases/SWDE/book/book-bookdepository/1597.htm",Sara Donati
"/media/Dados/bases/SWDE/book/book-bookdepository/1156.htm",Kenji Kawakami
"/media/Dados/bases/SWDE/book/book-bookdepository/0477.htm",Moises Kaufman
"/media/Dados/bases/SWDE/book/book-bookdepository/1114.htm",Dan Roam
"/media/Dados/bases/SWDE/book/book-bookdepository/1207.htm",Neil Gaiman
"/media/Dados/bases/SWDE/book/book-bookdepository/0108.htm",Lynn Viehl
"/media/Dados/bases/SWDE/book/book-bookdepository/0997.htm",Michael Lewis
"/media/Dados/bases/SWDE/book/book-bookdepository/1185.htm","Jordan, Robert"
"/media/Dados/bases/SWDE/book/book-bookdepository/1720.htm",Filip Muller
"/media/Dados/bases/SWDE/book/book-bookdepository/1651.htm",Roy Mottahedeh
"/media/Dados/bases/SWDE/book/book-bookdepository/1097.htm",Patrick McNeil
"/media/Dados/bases/SWDE/book/book-bookdepository/1024.htm",Steven Furtick
"/media/Dados/bases/SWDE/book/book-bookdepository/1807.htm",Garth Stein
"/media/Dados/bases/SWDE/book/book-bookdepository/1509.htm",Max Luces-Tucker
"/media/Dados/bases/SWDE/book/book-bookdepository/0340.htm",Heather Terrell
"/media/Dados/bases/SWDE/book/book-bookdepository/0404.htm",Oliver Bowden
"/media/Dados/bases/SWDE/book/book-bookdepository/0297.htm",Cast P C
"/media/Dados/bases/SWDE/book/book-bookdepository/0625.htm",Brenda Davis
"/media/Dados/bases/SWDE/book/book-bookdepository/1035.htm",F. Scott Fitzgerald
"/media/Dados/bases/SWDE/book/book-bookdepository/1800.htm",Mo Willems
"/media/Dados/bases/SWDE/book/book-bookdepository/0231.htm",Bryan Peterson
"/media/Dados/bases/SWDE/book/book-bookdepository/0183.htm",Kresley Cole
"/media/Dados/bases/SWDE/book/book-bookdepository/0992.htm",Erik Roscam Abbing
"/media/Dados/bases/SWDE/book/book-bookdepository/0219.htm",Timothy Ferriss
"/media/Dados/bases/SWDE/book/book-bookdepository/0100.htm",Sara Donati
"/media/Dados/bases/SWDE/book/book-bookdepository/0866.htm",Mike Mignola
"/media/Dados/bases/SWDE/book/book-bookdepository/1363.htm",Laxmi Khurana
"/media/Dados/bases/SWDE/book/book-bookdepository/1088.htm",Michael J. Murphy
"/media/Dados/bases/SWDE/book/book-bookdepository/1350.htm",Jane B. Burka
"/media/Dados/bases/SWDE/book/book-bookdepository/0368.htm",Jeremy Oats
"/media/Dados/bases/SWDE/book/book-bookdepository/0456.htm",Margot Sunderland
"/media/Dados/bases/SWDE/book/book-bookdepository/1659.htm",Li Cunxin
"/media/Dados/bases/SWDE/book/book-bookdepository/1550.htm",Jenny O'Connell
"/media/Dados/bases/SWDE/book/book-bookdepository/0882.htm",Julia Cameron
"/media/Dados/bases/SWDE/book/book-bookdepository/1220.htm",Danny Gregory
"/media/Dados/bases/SWDE/book/book-bookdepository/1458.htm",Brendan Brazier
"/media/Dados/bases/SWDE/book/book-bookdepository/1172.htm",Fay Weldon
"/media/Dados/bases/SWDE/book/book-bookdepository/1432.htm",Lesley Stanfield
"/media/Dados/bases/SWDE/book/book-bookdepository/0932.htm",Mark Hyman
"/media/Dados/bases/SWDE/book/book-bookdepository/0919.htm",Kevin D. Mitnick
"/media/Dados/bases/SWDE/book/book-bookdepository/0276.htm",David Sedaris
"/media/Dados/bases/SWDE/book/book-bookdepository/1292.htm",David Paul Mitchell
"/media/Dados/bases/SWDE/book/book-bookdepository/1504.htm",G.A. Aiken
"/media/Dados/bases/SWDE/book/book-bookdepository/0750.htm",Russell Bishop
"/media/Dados/bases/SWDE/book/book-bookdepository/0072.htm",Kate Holden
"/media/Dados/bases/SWDE/book/book-bookdepository/1619.htm",Elizabeth George
"/media/Dados/bases/SWDE/book/book-bookdepository/1491.htm",Valerie DeLuane
"/media/Dados/bases/SWDE/book/book-bookdepository/1959.htm",Charles Bukowski
"/media/Dados/bases/SWDE/book/book-bookdepository/1585.htm",Jacqueline Simpson
"/media/Dados/bases/SWDE/book/book-bookdepository/1162.htm",P. C. Cast
"/media/Dados/bases/SWDE/book/book-bookdepository/0557.htm",Mark Waid
"/media/Dados/bases/SWDE/book/book-bookdepository/1859.htm",Angelika Wolk-Gerche
"/media/Dados/bases/SWDE/book/book-bookdepository/1965.htm",Harold Pinter
"/media/Dados/bases/SWDE/book/book-bookdepository/1873.htm",T.E. Lawrence
"/media/Dados/bases/SWDE/book/book-bookdepository/0639.htm",Why Factory
"/media/Dados/bases/SWDE/book/book-bookdepository/0615.htm",Lauren Kate
"/media/Dados/bases/SWDE/book/book-bookdepository/1533.htm",Sally Mann
"/media/Dados/bases/SWDE/book/book-bookdepository/0914.htm",Sam Harris
"/media/Dados/bases/SWDE/book/book-bookdepository/1346.htm",Kazuo Ishiguro
"/media/Dados/bases/SWDE/book/book-bookdepository/1178.htm",Massimo Pigliucci
"/media/Dados/bases/SWDE/book/book-bookdepository/0857.htm",Judith Durant
"/media/Dados/bases/SWDE/book/book-bookdepository/0553.htm",Anthony Kiedis
"/media/Dados/bases/SWDE/book/book-bookdepository/1698.htm",Jennie Shortridge
"/media/Dados/bases/SWDE/book/book-bookdepository/1752.htm",Dr. Henry Cloud
"/media/Dados/bases/SWDE/book/book-bookdepository/0203.htm",Chinua Achebe
"/media/Dados/bases/SWDE/book/book-bookdepository/0475.htm",Jeffrey Ford
"/media/Dados/bases/SWDE/book/book-bookdepository/0916.htm",Margaret Atwood
"/media/Dados/bases/SWDE/book/book-bookdepository/0775.htm",Jed Baker
"/media/Dados/bases/SWDE/book/book-bookdepository/0702.htm",Daniel Woodrell
"/media/Dados/bases/SWDE/book/book-bookdepository/1073.htm",Sara Gruen
"/media/Dados/bases/SWDE/book/book-bookdepository/1710.htm",Haruki Murakami
"/media/Dados/bases/SWDE/book/book-bookdepository/1917.htm",Noga Hitron
"/media/Dados/bases/SWDE/book/book-bookdepository/0551.htm",Richard Bandler
"/media/Dados/bases/SWDE/book/book-bookdepository/1119.htm",Taylor Larimore
"/media/Dados/bases/SWDE/book/book-bookdepository/0531.htm",Sabrina Jeffries
"/media/Dados/bases/SWDE/book/book-bookdepository/0599.htm",Tone Finnanger
"/media/Dados/bases/SWDE/book/book-bookdepository/0281.htm",Wynn Kapit
"/media/Dados/bases/SWDE/book/book-bookdepository/1705.htm",Erving Goffman
"/media/Dados/bases/SWDE/book/book-bookdepository/0026.htm",Julia Donaldson
"/media/Dados/bases/SWDE/book/book-bookdepository/0008.htm",Timothy Ferriss
"/media/Dados/bases/SWDE/book/book-bookdepository/0681.htm",Lauren Kate
"/media/Dados/bases/SWDE/book/book-bookdepository/1032.htm",Neil Strauss
"/media/Dados/bases/SWDE/book/book-bookdepository/0931.htm",Matthew Reilly
"/media/Dados/bases/SWDE/book/book-bookdepository/1070.htm",Lawrence Hill
"/media/Dados/bases/SWDE/book/book-bookdepository/0089.htm",Paramahansa Yogananda
"/media/Dados/bases/SWDE/book/book-bookdepository/0063.htm",Tom Rachman
"/media/Dados/bases/SWDE/book/book-bookdepository/0723.htm",Peter Atrill
"/media/Dados/bases/SWDE/book/book-bookdepository/0284.htm",L. Murray
"/media/Dados/bases/SWDE/book/book-bookdepository/1523.htm",Ben Macintyre
"/media/Dados/bases/SWDE/book/book-bookdepository/1823.htm",Kirk Lake
"/media/Dados/bases/SWDE/book/book-bookdepository/1180.htm",Bobby Sands
"/media/Dados/bases/SWDE/book/book-bookdepository/1836.htm",Brian Lopes
"/media/Dados/bases/SWDE/book/book-bookdepository/1940.htm",Laura Summers
"/media/Dados/bases/SWDE/book/book-bookdepository/0257.htm",Brene Brown
"/media/Dados/bases/SWDE/book/book-bookdepository/1703.htm",Joel M. Stern
"/media/Dados/bases/SWDE/book/book-bookdepository/0277.htm",Sedaris David
"/media/Dados/bases/SWDE/book/book-bookdepository/1745.htm",Sharon Jaynes
"/media/Dados/bases/SWDE/book/book-bookdepository/1831.htm",Jon Reed
"/media/Dados/bases/SWDE/book/book-bookdepository/0867.htm",Tizlano Sclavi
"/media/Dados/bases/SWDE/book/book-bookdepository/1379.htm",Bala Venkatesh
"/media/Dados/bases/SWDE/book/book-bookdepository/0759.htm",Tom Wolfe
"/media/Dados/bases/SWDE/book/book-bookdepository/0611.htm",Sara Donati
"/media/Dados/bases/SWDE/book/book-bookdepository/1026.htm",Andy Field
"/media/Dados/bases/SWDE/book/book-bookdepository/0507.htm",Cho Ilasco
"/media/Dados/bases/SWDE/book/book-bookdepository/0729.htm",H Hazlitt
"/media/Dados/bases/SWDE/book/book-bookdepository/0688.htm",Flannery O'Connor
"/media/Dados/bases/SWDE/book/book-bookdepository/0224.htm",Tsiolkas Christos
"/media/Dados/bases/SWDE/book/book-bookdepository/0223.htm",Francis Chan
"/media/Dados/bases/SWDE/book/book-bookdepository/1581.htm",Jerry Brockelsby
"/media/Dados/bases/SWDE/book/book-bookdepository/1786.htm",Nick Hornby
"/media/Dados/bases/SWDE/book/book-bookdepository/1569.htm",Jayne Ann Krentz
"/media/Dados/bases/SWDE/book/book-bookdepository/1171.htm",Toby Meadows
"/media/Dados/bases/SWDE/book/book-bookdepository/1616.htm",Stephen T. Sinatra
"/media/Dados/bases/SWDE/book/book-bookdepository/0054.htm",Jill Bolte Taylor
"/media/Dados/bases/SWDE/book/book-bookdepository/0687.htm",Jean-Dominique Bauby
"/media/Dados/bases/SWDE/book/book-bookdepository/1197.htm",Sue Spitler
"/media/Dados/bases/SWDE/book/book-bookdepository/0086.htm",Kate Morton
"/media/Dados/bases/SWDE/book/book-bookdepository/0322.htm",Philip H. Gordon
"/media/Dados/bases/SWDE/book/book-bookdepository/0581.htm",Rachel Vincent
"/media/Dados/bases/SWDE/book/book-bookdepository/1305.htm","Franzen, Jonathan"
"/media/Dados/bases/SWDE/book/book-bookdepository/0732.htm",John A. Flanagan
"/media/Dados/bases/SWDE/book/book-bookdepository/1595.htm",Rosina Lippi
"/media/Dados/bases/SWDE/book/book-bookdepository/1767.htm",Niall Ferguson
"/media/Dados/bases/SWDE/book/book-bookdepository/0964.htm",Lynette Anderson
"/media/Dados/bases/SWDE/book/book-bookdepository/0895.htm",Dr. Pam Spurr
"/media/Dados/bases/SWDE/book/book-bookdepository/0953.htm",Rob Guillory
"/media/Dados/bases/SWDE/book/book-bookdepository/0196.htm",Julie Kagawa
"/media/Dados/bases/SWDE/book/book-bookdepository/0438.htm",Russell Brand
"/media/Dados/bases/SWDE/book/book-bookdepository/0970.htm",Jeanne Stauffer
"/media/Dados/bases/SWDE/book/book-bookdepository/0619.htm",Jonah Lehrer
"/media/Dados/bases/SWDE/book/book-bookdepository/0753.htm",Susan L. Shirk
"/media/Dados/bases/SWDE/book/book-bookdepository/0506.htm",Meg Mateo Ilasco
"/media/Dados/bases/SWDE/book/book-bookdepository/0966.htm",Malcolm Gladwell
"/media/Dados/bases/SWDE/book/book-bookdepository/1362.htm",Rachel Allen
"/media/Dados/bases/SWDE/book/book-bookdepository/1027.htm",Saul M. Kassin
"/media/Dados/bases/SWDE/book/book-bookdepository/1914.htm",Cathy Nutbrown
"/media/Dados/bases/SWDE/book/book-bookdepository/0501.htm",Jeff Smith
"/media/Dados/bases/SWDE/book/book-bookdepository/0354.htm","Fletcher, Ralph"
"/media/Dados/bases/SWDE/book/book-bookdepository/0399.htm",Ayn Rand
"/media/Dados/bases/SWDE/book/book-bookdepository/1608.htm",Robert Musil
"/media/Dados/bases/SWDE/book/book-bookdepository/1552.htm",Susane Colasanti
"/media/Dados/bases/SWDE/book/book-bookdepository/1226.htm",David Allen
"/media/Dados/bases/SWDE/book/book-bookdepository/1649.htm",Odd Arne Westad
"/media/Dados/bases/SWDE/book/book-bookdepository/1089.htm",Maryanne Wolf
"/media/Dados/bases/SWDE/book/book-bookdepository/0191.htm",Benjamin Graham
"/media/Dados/bases/SWDE/book/book-bookdepository/0039.htm",Robert Muchamore
"/media/Dados/bases/SWDE/book/book-bookdepository/1799.htm",Jonathan Silverman
"/media/Dados/bases/SWDE/book/book-bookdepository/0643.htm",Sam Harris
"/media/Dados/bases/SWDE/book/book-bookdepository/0870.htm",Isogawa Yoshihito
"/media/Dados/bases/SWDE/book/book-bookdepository/1614.htm",Tarquin Hall
"/media/Dados/bases/SWDE/book/book-bookdepository/0336.htm",Tomoko Nakamichi
"/media/Dados/bases/SWDE/book/book-bookdepository/0617.htm",Lauren Kate
"/media/Dados/bases/SWDE/book/book-bookdepository/1645.htm",Franz Kafka
"/media/Dados/bases/SWDE/book/book-bookdepository/0616.htm",Lauren Kate
"/media/Dados/bases/SWDE/book/book-bookdepository/0917.htm",James Wood
"/media/Dados/bases/SWDE/book/book-bookdepository/0253.htm",Barney Stinson
"/media/Dados/bases/SWDE/book/book-bookdepository/1397.htm",Charles Dickens
"/media/Dados/bases/SWDE/book/book-bookdepository/1505.htm",Meljean Brook
"/media/Dados/bases/SWDE/book/book-bookdepository/0607.htm",Michael Frayn
"/media/Dados/bases/SWDE/book/book-bookdepository/0573.htm",Paramahansa Yogananda
"/media/Dados/bases/SWDE/book/book-bookdepository/0629.htm",Robert Leckie
"/media/Dados/bases/SWDE/book/book-bookdepository/1601.htm",Armistead Maupin
"/media/Dados/bases/SWDE/book/book-bookdepository/0130.htm",Robert M Pirsig
"/media/Dados/bases/SWDE/book/book-bookdepository/1313.htm",Maureen Johnson
"/media/Dados/bases/SWDE/book/book-bookdepository/0580.htm",Kate DeVore
"/media/Dados/bases/SWDE/book/book-bookdepository/1308.htm",Cesar Millan
"/media/Dados/bases/SWDE/book/book-bookdepository/1671.htm",Kenneth Kobre
"/media/Dados/bases/SWDE/book/book-bookdepository/0535.htm",Lisa Genova
"/media/Dados/bases/SWDE/book/book-bookdepository/0410.htm",Mitch Albom
"/media/Dados/bases/SWDE/book/book-bookdepository/0509.htm",Paizo Staff
"/media/Dados/bases/SWDE/book/book-bookdepository/0412.htm",Julie Pallant
"/media/Dados/bases/SWDE/book/book-bookdepository/1999.htm",Mike Costa
"/media/Dados/bases/SWDE/book/book-bookdepository/0303.htm",Gilbert Elizabeth
"/media/Dados/bases/SWDE/book/book-bookdepository/0132.htm",Jessie Wise
"/media/Dados/bases/SWDE/book/book-bookdepository/1579.htm",B. K. S. Iyengar
"/media/Dados/bases/SWDE/book/book-bookdepository/0940.htm",Colum McCann
"/media/Dados/bases/SWDE/book/book-bookdepository/0888.htm",Moosewood Collective
"/media/Dados/bases/SWDE/book/book-bookdepository/1618.htm",Dawn Dais
"/media/Dados/bases/SWDE/book/book-bookdepository/0972.htm",Brad Meltzer
"/media/Dados/bases/SWDE/book/book-bookdepository/0052.htm",Karen Marie Moning
"/media/Dados/bases/SWDE/book/book-bookdepository/1603.htm",Lesley Livingston
"/media/Dados/bases/SWDE/book/book-bookdepository/1846.htm",Mary Wrobel
"/media/Dados/bases/SWDE/book/book-bookdepository/0696.htm",Diana Gabaldon
"/media/Dados/bases/SWDE/book/book-bookdepository/0457.htm",Robin Barker
"/media/Dados/bases/SWDE/book/book-bookdepository/0800.htm",Dawn French
"/media/Dados/bases/SWDE/book/book-bookdepository/1105.htm",George Eliot
"/media/Dados/bases/SWDE/book/book-bookdepository/0910.htm",Nancy Langdon
"/media/Dados/bases/SWDE/book/book-bookdepository/1445.htm",Jude Blereau
"/media/Dados/bases/SWDE/book/book-bookdepository/0238.htm",Pierre Dukan
"/media/Dados/bases/SWDE/book/book-bookdepository/0918.htm",Davi-Ellen Chabner
"/media/Dados/bases/SWDE/book/book-bookdepository/1825.htm",George Steiner
"/media/Dados/bases/SWDE/book/book-bookdepository/0215.htm",Tatiana De Rosnay
"/media/Dados/bases/SWDE/book/book-bookdepository/1314.htm",Sarah Dessen
"/media/Dados/bases/SWDE/book/book-bookdepository/0075.htm",Robert Kirkman
"/media/Dados/bases/SWDE/book/book-bookdepository/1929.htm",Stephen Dando-Collins
"/media/Dados/bases/SWDE/book/book-bookdepository/1610.htm",Michael Lewis
"/media/Dados/bases/SWDE/book/book-bookdepository/0236.htm",Mem Fox
"/media/Dados/bases/SWDE/book/book-bookdepository/0771.htm",Ben Hewitt
"/media/Dados/bases/SWDE/book/book-bookdepository/1473.htm",Daoshing Ni
"/media/Dados/bases/SWDE/book/book-bookdepository/0736.htm",Sylvia Plath
"/media/Dados/bases/SWDE/book/book-bookdepository/1876.htm","R., M. Ballantyne"
"/media/Dados/bases/SWDE/book/book-bookdepository/0433.htm",Thomas Pynchon
"/media/Dados/bases/SWDE/book/book-bookdepository/1699.htm",Joyce Maynard
"/media/Dados/bases/SWDE/book/book-bookdepository/0273.htm",Diane Setterfield
"/media/Dados/bases/SWDE/book/book-bookdepository/0968.htm",Stephen Chbosky
"/media/Dados/bases/SWDE/book/book-bookdepository/1724.htm",Robin S Sharma
"/media/Dados/bases/SWDE/book/book-bookdepository/0921.htm",Naoki Urasawa
"/media/Dados/bases/SWDE/book/book-bookdepository/0451.htm","Pratchett, Terry"
"/media/Dados/bases/SWDE/book/book-bookdepository/0642.htm",Christopher Hitchens
"/media/Dados/bases/SWDE/book/book-bookdepository/1002.htm",Gregory David Roberts
"/media/Dados/bases/SWDE/book/book-bookdepository/0401.htm",Humphrey P. Rang
"/media/Dados/bases/SWDE/book/book-bookdepository/0891.htm",Jeffrey E. Young
"/media/Dados/bases/SWDE/book/book-bookdepository/1737.htm",John D. Gatford
"/media/Dados/bases/SWDE/book/book-bookdepository/1005.htm",Michael Pollan
"/media/Dados/bases/SWDE/book/book-bookdepository/0636.htm",Devon Monk
"/media/Dados/bases/SWDE/book/book-bookdepository/0371.htm",Betty Edwards
"/media/Dados/bases/SWDE/book/book-bookdepository/0116.htm",Scott Kelby
"/media/Dados/bases/SWDE/book/book-bookdepository/1948.htm",Robert Jones
"/media/Dados/bases/SWDE/book/book-bookdepository/0545.htm",Picoult Jodi
"/media/Dados/bases/SWDE/book/book-bookdepository/1370.htm",Shannon Sovndal
"/media/Dados/bases/SWDE/book/book-bookdepository/1540.htm",Barbara Marciniak
"/media/Dados/bases/SWDE/book/book-bookdepository/0858.htm",Betty Oppenheimer
"/media/Dados/bases/SWDE/book/book-bookdepository/1707.htm",Alan Moore
"/media/Dados/bases/SWDE/book/book-bookdepository/1176.htm",Lise Eliot
"/media/Dados/bases/SWDE/book/book-bookdepository/0845.htm",Oliver Berry
"/media/Dados/bases/SWDE/book/book-bookdepository/1889.htm",Caroline Tatham
"/media/Dados/bases/SWDE/book/book-bookdepository/0480.htm",Tim Winton
"/media/Dados/bases/SWDE/book/book-bookdepository/0362.htm",Richelle Mead
"/media/Dados/bases/SWDE/book/book-bookdepository/0692.htm",Nora Roberts
"/media/Dados/bases/SWDE/book/book-bookdepository/1490.htm",Donna Finando
"/media/Dados/bases/SWDE/book/book-bookdepository/0449.htm",Paul Ekman
"/media/Dados/bases/SWDE/book/book-bookdepository/1091.htm",Gloria Anzaldua
"/media/Dados/bases/SWDE/book/book-bookdepository/0634.htm",Arlie Russell Hochschild
"/media/Dados/bases/SWDE/book/book-bookdepository/1479.htm",Margaret Wild
"/media/Dados/bases/SWDE/book/book-bookdepository/1358.htm",Sara Shepard
"/media/Dados/bases/SWDE/book/book-bookdepository/1908.htm",F.M. Dostoevsky
"/media/Dados/bases/SWDE/book/book-bookdepository/0686.htm",Lorraine Hansberry
"/media/Dados/bases/SWDE/book/book-bookdepository/0246.htm",Dale Carnegie
"/media/Dados/bases/SWDE/book/book-bookdepository/0425.htm",John Green
"/media/Dados/bases/SWDE/book/book-bookdepository/0569.htm",John R. Little
"/media/Dados/bases/SWDE/book/book-bookdepository/0093.htm",Mitch Albom
"/media/Dados/bases/SWDE/book/book-bookdepository/0838.htm",Henry Miller
"/media/Dados/bases/SWDE/book/book-bookdepository/0706.htm",Jeff Revell
"/media/Dados/bases/SWDE/book/book-bookdepository/0804.htm",Michael Foley
"/media/Dados/bases/SWDE/book/book-bookdepository/0442.htm",Eckhart Tolle
"/media/Dados/bases/SWDE/book/book-bookdepository/1911.htm",Stieg Larsson
"/media/Dados/bases/SWDE/book/book-bookdepository/1435.htm",Geraldine Brooks
"/media/Dados/bases/SWDE/book/book-bookdepository/0540.htm",Kresley Cole
"/media/Dados/bases/SWDE/book/book-bookdepository/1201.htm",Matthew DiBenedetti
"/media/Dados/bases/SWDE/book/book-bookdepository/1048.htm",Sean Covey
"/media/Dados/bases/SWDE/book/book-bookdepository/0389.htm",Charlaine Harris
"/media/Dados/bases/SWDE/book/book-bookdepository/1098.htm",Ashok Jashapara
"/media/Dados/bases/SWDE/book/book-bookdepository/1113.htm",Malcolm Gladwell
"/media/Dados/bases/SWDE/book/book-bookdepository/0631.htm",Jeffrey Eugenides
"/media/Dados/bases/SWDE/book/book-bookdepository/0885.htm",Natalia Rose
"/media/Dados/bases/SWDE/book/book-bookdepository/0510.htm",Lukas Volger
"/media/Dados/bases/SWDE/book/book-bookdepository/0185.htm",Carrie Jones
"/media/Dados/bases/SWDE/book/book-bookdepository/0740.htm",Gabriel Garcia Marquez
"/media/Dados/bases/SWDE/book/book-bookdepository/0461.htm",Carol Gray
"/media/Dados/bases/SWDE/book/book-bookdepository/1864.htm",Bernadette Roberts
"/media/Dados/bases/SWDE/book/book-bookdepository/0644.htm",Devon Monk
"/media/Dados/bases/SWDE/book/book-bookdepository/1372.htm",Lance Armstrong
"/media/Dados/bases/SWDE/book/book-bookdepository/0483.htm",Becca Fitzpatrick
"/media/Dados/bases/SWDE/book/book-bookdepository/1046.htm",L.N. Tolstoy
"/media/Dados/bases/SWDE/book/book-bookdepository/0669.htm",Sophie Kinsella
"/media/Dados/bases/SWDE/book/book-bookdepository/0880.htm",Susan Maushart
"/media/Dados/bases/SWDE/book/book-bookdepository/0982.htm",Barbara Kingsolver
"/media/Dados/bases/SWDE/book/book-bookdepository/1942.htm",Philippa Gregory
"/media/Dados/bases/SWDE/book/book-bookdepository/1210.htm",Gordian W. O. Fulde
"/media/Dados/bases/SWDE/book/book-bookdepository/1272.htm",Robert T. Kiyosaki
"/media/Dados/bases/SWDE/book/book-bookdepository/0430.htm",Kurt Vonnegut
"/media/Dados/bases/SWDE/book/book-bookdepository/1630.htm",Scott Landis
"/media/Dados/bases/SWDE/book/book-bookdepository/1209.htm",Hannah Dolan
"/media/Dados/bases/SWDE/book/book-bookdepository/1409.htm",Marianne Williamson
"/media/Dados/bases/SWDE/book/book-bookdepository/0198.htm",Russ Harris
"/media/Dados/bases/SWDE/book/book-bookdepository/0690.htm",Viktor E. Frankl
"/media/Dados/bases/SWDE/book/book-bookdepository/0938.htm",Charles Portis
"/media/Dados/bases/SWDE/book/book-bookdepository/0608.htm",John Fante
"/media/Dados/bases/SWDE/book/book-bookdepository/0568.htm",Bruce Lee
"/media/Dados/bases/SWDE/book/book-bookdepository/0695.htm",Diana Gabaldon
"/media/Dados/bases/SWDE/book/book-bookdepository/1157.htm",Ian Spector
"/media/Dados/bases/SWDE/book/book-bookdepository/1909.htm",Jeaniene Frost
"/media/Dados/bases/SWDE/book/book-bookdepository/0240.htm",Jeffrey M. Schwartz
"/media/Dados/bases/SWDE/book/book-bookdepository/1129.htm",Wolfgang Hardle
"/media/Dados/bases/SWDE/book/book-bookdepository/1582.htm",Rick Stein
"/media/Dados/bases/SWDE/book/book-bookdepository/0745.htm",Marek Krajewski
"/media/Dados/bases/SWDE/book/book-bookdepository/0496.htm",Hisako Ogita
"/media/Dados/bases/SWDE/book/book-bookdepository/0151.htm",Jay Dobyns
"/media/Dados/bases/SWDE/book/book-bookdepository/1163.htm",Dianne Page
"/media/Dados/bases/SWDE/book/book-bookdepository/0421.htm",Cherie Priest
"/media/Dados/bases/SWDE/book/book-bookdepository/0225.htm",Christos Tsiolkas
"/media/Dados/bases/SWDE/book/book-bookdepository/0161.htm",Rachel Cosgrove
"/media/Dados/bases/SWDE/book/book-bookdepository/1164.htm","B.B.C. ""Good Food Magazine"""
"/media/Dados/bases/SWDE/book/book-bookdepository/0808.htm",Elly Griffiths
"/media/Dados/bases/SWDE/book/book-bookdepository/0280.htm",Alicia Paulson
"/media/Dados/bases/SWDE/book/book-bookdepository/0102.htm",E B Sledge
"/media/Dados/bases/SWDE/book/book-bookdepository/1304.htm",Paolo Bacigalupi
"/media/Dados/bases/SWDE/book/book-bookdepository/0400.htm",George S. Clason
"/media/Dados/bases/SWDE/book/book-bookdepository/1472.htm",Jon Kabat-Zinn
"/media/Dados/bases/SWDE/book/book-bookdepository/1460.htm",Michael L. Hall
"/media/Dados/bases/SWDE/book/book-bookdepository/1328.htm",Thomas Pynchon
"/media/Dados/bases/SWDE/book/book-bookdepository/0761.htm",Oliver Jeffers
"/media/Dados/bases/SWDE/book/book-bookdepository/0262.htm",Amanda Blake Soule
"/media/Dados/bases/SWDE/book/book-bookdepository/0926.htm",Hannah Howell
"/media/Dados/bases/SWDE/book/book-bookdepository/1937.htm",John Gray
"/media/Dados/bases/SWDE/book/book-bookdepository/1833.htm",Usamaru Furuya
"/media/Dados/bases/SWDE/book/book-bookdepository/0356.htm",Robert Muchamore
"/media/Dados/bases/SWDE/book/book-bookdepository/0343.htm",Susan Donovan
"/media/Dados/bases/SWDE/book/book-bookdepository/0044.htm",Stephen Kendrick
"/media/Dados/bases/SWDE/book/book-bookdepository/0127.htm",Gina Ford
"/media/Dados/bases/SWDE/book/book-bookdepository/0098.htm",Karen Tack
"/media/Dados/bases/SWDE/book/book-bookdepository/1756.htm",Dr. Oded Shenkar
"/media/Dados/bases/SWDE/book/book-bookdepository/1573.htm",Sophie Jordan
"/media/Dados/bases/SWDE/book/book-bookdepository/0660.htm",Lisa Shearin
"/media/Dados/bases/SWDE/book/book-bookdepository/0760.htm",Claudia Gray
"/media/Dados/bases/SWDE/book/book-bookdepository/1804.htm",Rachel Gibson
"/media/Dados/bases/SWDE/book/book-bookdepository/1411.htm",M.J. Hyland
"/media/Dados/bases/SWDE/book/book-bookdepository/1390.htm",Jason King
"/media/Dados/bases/SWDE/book/book-bookdepository/1057.htm",Violette
"/media/Dados/bases/SWDE/book/book-bookdepository/1017.htm",Professor Emma Donoghue
"/media/Dados/bases/SWDE/book/book-bookdepository/1244.htm",Stephen E. Ambrose
"/media/Dados/bases/SWDE/book/book-bookdepository/0705.htm",Adrian Tchaikovsky
"/media/Dados/bases/SWDE/book/book-bookdepository/0979.htm",Neil Gaiman
"/media/Dados/bases/SWDE/book/book-bookdepository/1761.htm",Bishnupada Chakravarty
"/media/Dados/bases/SWDE/book/book-bookdepository/1108.htm",A. Faber
"/media/Dados/bases/SWDE/book/book-bookdepository/1596.htm",David Anthony Durham
"/media/Dados/bases/SWDE/book/book-bookdepository/0907.htm",L.J. Smith
"/media/Dados/bases/SWDE/book/book-bookdepository/0534.htm",Jeaniene Frost
"/media/Dados/bases/SWDE/book/book-bookdepository/1732.htm",Neale Donald Walsch
"/media/Dados/bases/SWDE/book/book-bookdepository/1901.htm",Rebecca Stead
"/media/Dados/bases/SWDE/book/book-bookdepository/1120.htm",Richard G. Wilkinson
"/media/Dados/bases/SWDE/book/book-bookdepository/0820.htm",Philippa Gregory
"/media/Dados/bases/SWDE/book/book-bookdepository/0524.htm",Lynn Ann Majidimehr
"/media/Dados/bases/SWDE/book/book-bookdepository/1018.htm",Elizabeth Strout
"/media/Dados/bases/SWDE/book/book-bookdepository/0160.htm",Charlie Adlard
"/media/Dados/bases/SWDE/book/book-bookdepository/1702.htm",Emanuel Derman
"/media/Dados/bases/SWDE/book/book-bookdepository/0202.htm",Keri Smith
"/media/Dados/bases/SWDE/book/book-bookdepository/0007.htm",Kathryn Stockett
"/media/Dados/bases/SWDE/book/book-bookdepository/1648.htm",Robin Aitken
"/media/Dados/bases/SWDE/book/book-bookdepository/0548.htm",Helen Simonson
"/media/Dados/bases/SWDE/book/book-bookdepository/1323.htm",Richard Templar
"/media/Dados/bases/SWDE/book/book-bookdepository/0577.htm",Courtney Summers
"/media/Dados/bases/SWDE/book/book-bookdepository/1896.htm",Mark Haddon
"/media/Dados/bases/SWDE/book/book-bookdepository/0341.htm",Fay Weldon
"/media/Dados/bases/SWDE/book/book-bookdepository/0167.htm",Daniel H. Pink
"/media/Dados/bases/SWDE/book/book-bookdepository/1558.htm",BradyGames
"/media/Dados/bases/SWDE/book/book-bookdepository/1297.htm",Michel Odent
"/media/Dados/bases/SWDE/book/book-bookdepository/0903.htm",Victoria Boutenko
"/media/Dados/bases/SWDE/book/book-bookdepository/0060.htm",Kazuo Ishiguro
"/media/Dados/bases/SWDE/book/book-bookdepository/1407.htm",Deepak Chopra
"/media/Dados/bases/SWDE/book/book-bookdepository/1275.htm",Megan Hart
"/media/Dados/bases/SWDE/book/book-bookdepository/0094.htm",Mitch Albom
"/media/Dados/bases/SWDE/book/book-bookdepository/1482.htm",Richard Benson
"/media/Dados/bases/SWDE/book/book-bookdepository/1594.htm",John Fante
"/media/Dados/bases/SWDE/book/book-bookdepository/0709.htm",Martin Evening
"/media/Dados/bases/SWDE/book/book-bookdepository/0142.htm",Brooks Max
"/media/Dados/bases/SWDE/book/book-bookdepository/1465.htm",D.A. Carson
"/media/Dados/bases/SWDE/book/book-bookdepository/0337.htm",Collette Wolff
"/media/Dados/bases/SWDE/book/book-bookdepository/1764.htm",Mihaly Csikszentmihalyi
"/media/Dados/bases/SWDE/book/book-bookdepository/0079.htm",Maureen Evans
"/media/Dados/bases/SWDE/book/book-bookdepository/0411.htm",Jill Bolte Taylor
"/media/Dados/bases/SWDE/book/book-bookdepository/1997.htm",Debbie Stoller
"/media/Dados/bases/SWDE/book/book-bookdepository/1315.htm","Dessen, Sarah"
"/media/Dados/bases/SWDE/book/book-bookdepository/0628.htm",China Mieville
"/media/Dados/bases/SWDE/book/book-bookdepository/0651.htm",Ken Follett
"/media/Dados/bases/SWDE/book/book-bookdepository/0038.htm",Aron Ralston
"/media/Dados/bases/SWDE/book/book-bookdepository/0812.htm",M. Leeuwen
"/media/Dados/bases/SWDE/book/book-bookdepository/1387.htm",Daniel J. Siegel
"/media/Dados/bases/SWDE/book/book-bookdepository/1426.htm",Richard Molesworth
"/media/Dados/bases/SWDE/book/book-bookdepository/1893.htm",Helen Roseveare
"/media/Dados/bases/SWDE/book/book-bookdepository/1945.htm",Yann Martel
"/media/Dados/bases/SWDE/book/book-bookdepository/0878.htm","De Pree, Max"
"/media/Dados/bases/SWDE/book/book-bookdepository/0265.htm",Jerry Bridges
"/media/Dados/bases/SWDE/book/book-bookdepository/1921.htm",Douglas R. Hofstadter
"/media/Dados/bases/SWDE/book/book-bookdepository/0520.htm",David Wolfe
"/media/Dados/bases/SWDE/book/book-bookdepository/1265.htm",Nancy Holzner
"/media/Dados/bases/SWDE/book/book-bookdepository/0971.htm",Joss Whedon
"/media/Dados/bases/SWDE/book/book-bookdepository/0168.htm",Dr Emerson Eggerichs
"/media/Dados/bases/SWDE/book/book-bookdepository/0781.htm",Dagmar Schmidt
"/media/Dados/bases/SWDE/book/book-bookdepository/0478.htm",Nam Le
"/media/Dados/bases/SWDE/book/book-bookdepository/0005.htm",Francis Chan
"/media/Dados/bases/SWDE/book/book-bookdepository/0392.htm",Ayn Rand
"/media/Dados/bases/SWDE/book/book-bookdepository/1633.htm",Kay Thompson
"/media/Dados/bases/SWDE/book/book-bookdepository/0259.htm",Patti Digh
"/media/Dados/bases/SWDE/book/book-bookdepository/1354.htm",Sara Shepard
"/media/Dados/bases/SWDE/book/book-bookdepository/1927.htm",John Ajvide Lindqvist
"/media/Dados/bases/SWDE/book/book-bookdepository/1700.htm",Bryan Burrough
"/media/Dados/bases/SWDE/book/book-bookdepository/0025.htm",Adele Faber
"/media/Dados/bases/SWDE/book/book-bookdepository/0839.htm",Christian Lander
"/media/Dados/bases/SWDE/book/book-bookdepository/0397.htm",J R Ward
"/media/Dados/bases/SWDE/book/book-bookdepository/0815.htm",William Queen
"/media/Dados/bases/SWDE/book/book-bookdepository/1496.htm",Gilles Ronin
"/media/Dados/bases/SWDE/book/book-bookdepository/0541.htm",Kresley Cole
"/media/Dados/bases/SWDE/book/book-bookdepository/0948.htm",Karl Pilkington
"/media/Dados/bases/SWDE/book/book-bookdepository/1168.htm",Jane Conlon
"/media/Dados/bases/SWDE/book/book-bookdepository/0898.htm",Toko Kawai
"/media/Dados/bases/SWDE/book/book-bookdepository/0256.htm",David Zinczenko
"/media/Dados/bases/SWDE/book/book-bookdepository/0728.htm",Niall Ferguson
"/media/Dados/bases/SWDE/book/book-bookdepository/0915.htm",Colm Toibin
"/media/Dados/bases/SWDE/book/book-bookdepository/0718.htm",Dr. Henry Cloud
"/media/Dados/bases/SWDE/book/book-bookdepository/1333.htm",Annabel Karmel
"/media/Dados/bases/SWDE/book/book-bookdepository/0738.htm",Stephen Fry
"/media/Dados/bases/SWDE/book/book-bookdepository/0254.htm",Justin Halpern
"/media/Dados/bases/SWDE/book/book-bookdepository/0872.htm",Laurens Valk
"/media/Dados/bases/SWDE/book/book-bookdepository/0066.htm",Chris Carmichael
"/media/Dados/bases/SWDE/book/book-bookdepository/1666.htm",Aurelien Ferenczi
"/media/Dados/bases/SWDE/book/book-bookdepository/0487.htm",Peter Temple
"/media/Dados/bases/SWDE/book/book-bookdepository/0856.htm",Julie Turjoman
"/media/Dados/bases/SWDE/book/book-bookdepository/1078.htm",Alain Herriott
"/media/Dados/bases/SWDE/book/book-bookdepository/0819.htm",Philippa Gregory
"/media/Dados/bases/SWDE/book/book-bookdepository/0385.htm",Shaun Tan
"/media/Dados/bases/SWDE/book/book-bookdepository/0190.htm",Tony Bedard
"/media/Dados/bases/SWDE/book/book-bookdepository/0778.htm",Christian Gerondeau
"/media/Dados/bases/SWDE/book/book-bookdepository/0087.htm",Ben Macintyre
"/media/Dados/bases/SWDE/book/book-bookdepository/0991.htm",Entrepreneur Press
"/media/Dados/bases/SWDE/book/book-bookdepository/0035.htm",Patricia Briggs
"/media/Dados/bases/SWDE/book/book-bookdepository/1858.htm",Angelika Wolk-Gerche
"/media/Dados/bases/SWDE/book/book-bookdepository/0112.htm",Erving Goffman
"/media/Dados/bases/SWDE/book/book-bookdepository/0082.htm",Kresley Cole
"/media/Dados/bases/SWDE/book/book-bookdepository/0773.htm",Susan Wise Bauer
"/media/Dados/bases/SWDE/book/book-bookdepository/0770.htm",Ed Brubaker
"/media/Dados/bases/SWDE/book/book-bookdepository/1231.htm",Margaret Wise Brown
"/media/Dados/bases/SWDE/book/book-bookdepository/1643.htm",Lucy Cousins
"/media/Dados/bases/SWDE/book/book-bookdepository/0071.htm",Rae Morris
"/media/Dados/bases/SWDE/book/book-bookdepository/1022.htm",Randy Komisar
"/media/Dados/bases/SWDE/book/book-bookdepository/1177.htm",Simon Winchester
"/media/Dados/bases/SWDE/book/book-bookdepository/0810.htm",Stephen Dando-Collins
"/media/Dados/bases/SWDE/book/book-bookdepository/0209.htm",Julia Quinn
"/media/Dados/bases/SWDE/book/book-bookdepository/1165.htm",Mary Cadogan
"/media/Dados/bases/SWDE/book/book-bookdepository/0407.htm",Robert Crais
"/media/Dados/bases/SWDE/book/book-bookdepository/1489.htm",Dan S. Cohen
"/media/Dados/bases/SWDE/book/book-bookdepository/1973.htm",Sam Benson
"/media/Dados/bases/SWDE/book/book-bookdepository/0774.htm",Brenda Boyd
"/media/Dados/bases/SWDE/book/book-bookdepository/1335.htm",Olen Steinhauer
"/media/Dados/bases/SWDE/book/book-bookdepository/1153.htm",Andrew Nelson
"/media/Dados/bases/SWDE/book/book-bookdepository/0671.htm",Karen Marie Moning
"/media/Dados/bases/SWDE/book/book-bookdepository/0258.htm",Tracey Clark
"/media/Dados/bases/SWDE/book/book-bookdepository/1029.htm",Neil Strauss
"/media/Dados/bases/SWDE/book/book-bookdepository/0892.htm",Glenn R. Schiraldi
"/media/Dados/bases/SWDE/book/book-bookdepository/0489.htm",Adam Kotsko
"/media/Dados/bases/SWDE/book/book-bookdepository/1378.htm",Paul L. Marino
"/media/Dados/bases/SWDE/book/book-bookdepository/0081.htm",Ellen Lupton
"/media/Dados/bases/SWDE/book/book-bookdepository/0922.htm",Naoki Urasawa
"/media/Dados/bases/SWDE/book/book-bookdepository/0369.htm",Kevin Burnand
"/media/Dados/bases/SWDE/book/book-bookdepository/0051.htm","Lee, Harper"
"/media/Dados/bases/SWDE/book/book-bookdepository/0009.htm",Neil Patrick Harris
"/media/Dados/bases/SWDE/book/book-bookdepository/0488.htm",Peter Temple
"/media/Dados/bases/SWDE/book/book-bookdepository/0913.htm",Jill Myles
"/media/Dados/bases/SWDE/book/book-bookdepository/0677.htm",Arnaldur Indridason
"/media/Dados/bases/SWDE/book/book-bookdepository/1386.htm",John Gottman
"/media/Dados/bases/SWDE/book/book-bookdepository/1950.htm",Rene Descartes
"/media/Dados/bases/SWDE/book/book-bookdepository/0149.htm",Christopher Hitchens
"/media/Dados/bases/SWDE/book/book-bookdepository/0980.htm",Barbara Kingsolver
"/media/Dados/bases/SWDE/book/book-bookdepository/0593.htm",Arnold Nelson
"/media/Dados/bases/SWDE/book/book-bookdepository/0512.htm",Clare Youngs
"/media/Dados/bases/SWDE/book/book-bookdepository/0626.htm","Caldwell B Esselstyn, Jr."
"/media/Dados/bases/SWDE/book/book-bookdepository/0237.htm",Julia Donaldson
"/media/Dados/bases/SWDE/book/book-bookdepository/0366.htm",Elizabeth Gilbert
"/media/Dados/bases/SWDE/book/book-bookdepository/0635.htm",Erving Goffman
"/media/Dados/bases/SWDE/book/book-bookdepository/1340.htm",Rebecca Maizel
"/media/Dados/bases/SWDE/book/book-bookdepository/0503.htm",Cassandra Forsythe
"/media/Dados/bases/SWDE/book/book-bookdepository/0128.htm",Russell Bishop
"/media/Dados/bases/SWDE/book/book-bookdepository/1471.htm",Joseph Heller
"/media/Dados/bases/SWDE/book/book-bookdepository/1072.htm",Vendela Vida
"/media/Dados/bases/SWDE/book/book-bookdepository/1237.htm",Kieron Gillen
"/media/Dados/bases/SWDE/book/book-bookdepository/1834.htm",Joe Kelly
"/media/Dados/bases/SWDE/book/book-bookdepository/1546.htm","Roth, Geneen"
"/media/Dados/bases/SWDE/book/book-bookdepository/0912.htm",Matthew Reilly
"/media/Dados/bases/SWDE/book/book-bookdepository/0133.htm",Brenda Myles
"/media/Dados/bases/SWDE/book/book-bookdepository/1516.htm",Jodi Picoult
"/media/Dados/bases/SWDE/book/book-bookdepository/1894.htm",Dr Tedd Tripp
"/media/Dados/bases/SWDE/book/book-bookdepository/0363.htm",Richelle Mead
"/media/Dados/bases/SWDE/book/book-bookdepository/0592.htm",William Faulkner
"/media/Dados/bases/SWDE/book/book-bookdepository/0700.htm",Tess Gerritsen
"/media/Dados/bases/SWDE/book/book-bookdepository/1464.htm",Alice Butcher
"/media/Dados/bases/SWDE/book/book-bookdepository/1617.htm",Ray Zahab
"/media/Dados/bases/SWDE/book/book-bookdepository/0278.htm",Markus Zusak
"/media/Dados/bases/SWDE/book/book-bookdepository/0726.htm",Frederick Copleston
"/media/Dados/bases/SWDE/book/book-bookdepository/0364.htm",Neil Gaiman
"/media/Dados/bases/SWDE/book/book-bookdepository/0418.htm",Oliver Sacks
"/media/Dados/bases/SWDE/book/book-bookdepository/0241.htm",Nalini Singh
"/media/Dados/bases/SWDE/book/book-bookdepository/1130.htm",Paul R. Krugman
"/media/Dados/bases/SWDE/book/book-bookdepository/0417.htm",Ina May Gaskin
"/media/Dados/bases/SWDE/book/book-bookdepository/0037.htm",Peter Pauper
"/media/Dados/bases/SWDE/book/book-bookdepository/1243.htm",Neil Gaiman
"/media/Dados/bases/SWDE/book/book-bookdepository/0704.htm",Rahima Baldwin
"/media/Dados/bases/SWDE/book/book-bookdepository/1500.htm",Lauren Dane
"/media/Dados/bases/SWDE/book/book-bookdepository/0533.htm",Nalini Singh
"/media/Dados/bases/SWDE/book/book-bookdepository/1347.htm",Kazuo Ishiguro
"/media/Dados/bases/SWDE/book/book-bookdepository/0522.htm",Pope Benedict XVI
"/media/Dados/bases/SWDE/book/book-bookdepository/0355.htm","Simpson, Joe"
"/media/Dados/bases/SWDE/book/book-bookdepository/1455.htm",Grace Dobush
"/media/Dados/bases/SWDE/book/book-bookdepository/1697.htm",William Golding
"/media/Dados/bases/SWDE/book/book-bookdepository/0610.htm",Richelle Mead
"/media/Dados/bases/SWDE/book/book-bookdepository/0650.htm",Ken Follett
"/media/Dados/bases/SWDE/book/book-bookdepository/1424.htm",Ernest Becker
"/media/Dados/bases/SWDE/book/book-bookdepository/0676.htm",Owen David
"/media/Dados/bases/SWDE/book/book-bookdepository/1747.htm",Philip Yancey
"/media/Dados/bases/SWDE/book/book-bookdepository/0315.htm",Gina Ford
"/media/Dados/bases/SWDE/book/book-bookdepository/0843.htm",Neil Perry
"/media/Dados/bases/SWDE/book/book-bookdepository/0886.htm",Rita Ash
"/media/Dados/bases/SWDE/book/book-bookdepository/1584.htm",Oliver Jeffers
"/media/Dados/bases/SWDE/book/book-bookdepository/0459.htm",Robert McKee
"/media/Dados/bases/SWDE/book/book-bookdepository/0933.htm",Francine Rivers
"/media/Dados/bases/SWDE/book/book-bookdepository/0717.htm",Dr. Henry Cloud
"/media/Dados/bases/SWDE/book/book-bookdepository/1779.htm",Samuel Beckett
"/media/Dados/bases/SWDE/book/book-bookdepository/0673.htm",Angela Knight
"/media/Dados/bases/SWDE/book/book-bookdepository/1493.htm",Tim Paine
"/media/Dados/bases/SWDE/book/book-bookdepository/0620.htm",Russell Brand
"/media/Dados/bases/SWDE/book/book-bookdepository/1874.htm",T. E. Lawrence
"/media/Dados/bases/SWDE/book/book-bookdepository/0107.htm",Stephen Kinzer
"/media/Dados/bases/SWDE/book/book-bookdepository/0965.htm",Jonathan Safran Foer
"/media/Dados/bases/SWDE/book/book-bookdepository/1436.htm",Don Gifford
"/media/Dados/bases/SWDE/book/book-bookdepository/1748.htm",Philip Yancey
"/media/Dados/bases/SWDE/book/book-bookdepository/1267.htm",Karen Chance
"/media/Dados/bases/SWDE/book/book-bookdepository/0656.htm",James Patterson
"/media/Dados/bases/SWDE/book/book-bookdepository/1030.htm",Roxana Shirazi
"/media/Dados/bases/SWDE/book/book-bookdepository/1622.htm",Jamie Sams
"/media/Dados/bases/SWDE/book/book-bookdepository/0045.htm",Justin Halpern
"/media/Dados/bases/SWDE/book/book-bookdepository/1717.htm",Elie Wiesel
"/media/Dados/bases/SWDE/book/book-bookdepository/1803.htm",John Friedmann
"/media/Dados/bases/SWDE/book/book-bookdepository/0101.htm",Kresley Cole
"/media/Dados/bases/SWDE/book/book-bookdepository/0576.htm",Simone Elkeles
"/media/Dados/bases/SWDE/book/book-bookdepository/0294.htm",Adele Faber
"/media/Dados/bases/SWDE/book/book-bookdepository/0324.htm",Jonathan Bunt
"/media/Dados/bases/SWDE/book/book-bookdepository/1805.htm",Lisa Kleypas
"/media/Dados/bases/SWDE/book/book-bookdepository/0881.htm",Kelly Rae Roberts
"/media/Dados/bases/SWDE/book/book-bookdepository/1173.htm",Lise Bourbeau
"/media/Dados/bases/SWDE/book/book-bookdepository/0909.htm",Jasper Fforde
"/media/Dados/bases/SWDE/book/book-bookdepository/1566.htm",Floyd Clymer
"/media/Dados/bases/SWDE/book/book-bookdepository/0267.htm",Bruno Latour
"/media/Dados/bases/SWDE/book/book-bookdepository/0247.htm",Michael E. Gerber
"/media/Dados/bases/SWDE/book/book-bookdepository/1722.htm",Karin Slaughter
"/media/Dados/bases/SWDE/book/book-bookdepository/0147.htm",Elly Griffiths
"/media/Dados/bases/SWDE/book/book-bookdepository/0416.htm",Monica McInerney
"/media/Dados/bases/SWDE/book/book-bookdepository/0897.htm",Riyu Yamakami
"/media/Dados/bases/SWDE/book/book-bookdepository/0821.htm",Philippa Gregory
"/media/Dados/bases/SWDE/book/book-bookdepository/1007.htm",David Malouf
"/media/Dados/bases/SWDE/book/book-bookdepository/0689.htm",Flannery O'Connor
"/media/Dados/bases/SWDE/book/book-bookdepository/1980.htm",Kelly Bennett
"/media/Dados/bases/SWDE/book/book-bookdepository/1374.htm",Christopher Kenworthy
"/media/Dados/bases/SWDE/book/book-bookdepository/0381.htm",Kieron Gillen
"/media/Dados/bases/SWDE/book/book-bookdepository/1923.htm",Leonard Cohen
"/media/Dados/bases/SWDE/book/book-bookdepository/1021.htm",Alain de Botton
"/media/Dados/bases/SWDE/book/book-bookdepository/1787.htm",Malcolm Gladwell
"/media/Dados/bases/SWDE/book/book-bookdepository/0118.htm",Hilary Mantel
"/media/Dados/bases/SWDE/book/book-bookdepository/0900.htm",Kim Diehl
"/media/Dados/bases/SWDE/book/book-bookdepository/0288.htm",Krauss Nicole
"/media/Dados/bases/SWDE/book/book-bookdepository/1213.htm",Ben Cort
"/media/Dados/bases/SWDE/book/book-bookdepository/0030.htm",Bryan Lee O'Malley
"/media/Dados/bases/SWDE/book/book-bookdepository/1474.htm",Jane Goodall
"/media/Dados/bases/SWDE/book/book-bookdepository/0622.htm",Tim Winton
"/media/Dados/bases/SWDE/book/book-bookdepository/0694.htm",Fiona McIntosh
"/media/Dados/bases/SWDE/book/book-bookdepository/0591.htm",Andrea Levy
"/media/Dados/bases/SWDE/book/book-bookdepository/0927.htm",Hannah Howell
"/media/Dados/bases/SWDE/book/book-bookdepository/1956.htm",Richard Tarnas
"/media/Dados/bases/SWDE/book/book-bookdepository/1406.htm",Jane R. Hirschmann
"/media/Dados/bases/SWDE/book/book-bookdepository/0848.htm",Lonely Planet
"/media/Dados/bases/SWDE/book/book-bookdepository/1316.htm",Miranda July
"/media/Dados/bases/SWDE/book/book-bookdepository/0734.htm",Kami Garcia
"/media/Dados/bases/SWDE/book/book-bookdepository/1978.htm",Rough Guides
"/media/Dados/bases/SWDE/book/book-bookdepository/0006.htm",Bryan Peterson
"/media/Dados/bases/SWDE/book/book-bookdepository/1848.htm",Nancy J. Patrick
"/media/Dados/bases/SWDE/book/book-bookdepository/0862.htm",Lee Ferguson
"/media/Dados/bases/SWDE/book/book-bookdepository/0601.htm",Colm Toibin
"/media/Dados/bases/SWDE/book/book-bookdepository/0345.htm",Nicholas D. Kristof
"/media/Dados/bases/SWDE/book/book-bookdepository/1539.htm",Louise L. Hay
"/media/Dados/bases/SWDE/book/book-bookdepository/1450.htm",Jason Aaron
"/media/Dados/bases/SWDE/book/book-bookdepository/0150.htm",Matt Haig
"/media/Dados/bases/SWDE/book/book-bookdepository/0925.htm",Hannah Howell
"/media/Dados/bases/SWDE/book/book-bookdepository/0053.htm",John M. Merriman
"/media/Dados/bases/SWDE/book/book-bookdepository/0560.htm",Horn Thomas R
"/media/Dados/bases/SWDE/book/book-bookdepository/0667.htm",Sophie Kinsella
"/media/Dados/bases/SWDE/book/book-bookdepository/1128.htm",Alice Sebold
"/media/Dados/bases/SWDE/book/book-bookdepository/0652.htm",Arthur Golden
"/media/Dados/bases/SWDE/book/book-bookdepository/1758.htm",Clare Roberts
"/media/Dados/bases/SWDE/book/book-bookdepository/1964.htm",J. Scalzi
"/media/Dados/bases/SWDE/book/book-bookdepository/0347.htm",Tone Finnanger
"/media/Dados/bases/SWDE/book/book-bookdepository/1094.htm",Amy Tan
"/media/Dados/bases/SWDE/book/book-bookdepository/1812.htm",Patti Smith
"/media/Dados/bases/SWDE/book/book-bookdepository/1019.htm",Junot Diaz
"/media/Dados/bases/SWDE/book/book-bookdepository/0521.htm",Eric Pearl
"/media/Dados/bases/SWDE/book/book-bookdepository/0758.htm",Cormac McCarthy
"/media/Dados/bases/SWDE/book/book-bookdepository/0448.htm",Paul Ekman
"/media/Dados/bases/SWDE/book/book-bookdepository/1236.htm",J. Michael Straczynski
"/media/Dados/bases/SWDE/book/book-bookdepository/0141.htm",Jeaniene Frost
"/media/Dados/bases/SWDE/book/book-bookdepository/1676.htm",Lee Child
"/media/Dados/bases/SWDE/book/book-bookdepository/0207.htm",David Malouf
"/media/Dados/bases/SWDE/book/book-bookdepository/1006.htm",Nancy Appleton
"/media/Dados/bases/SWDE/book/book-bookdepository/1635.htm",Gaston Bachelard
"/media/Dados/bases/SWDE/book/book-bookdepository/0193.htm",Dan Wells
"/media/Dados/bases/SWDE/book/book-bookdepository/1266.htm",Kelly Gay
"/media/Dados/bases/SWDE/book/book-bookdepository/1994.htm",Eric Cressey
"/media/Dados/bases/SWDE/book/book-bookdepository/0785.htm",Cormac McCarthy
"/media/Dados/bases/SWDE/book/book-bookdepository/0110.htm",Karen Marie Moning
"/media/Dados/bases/SWDE/book/book-bookdepository/0242.htm",Mem Fox
"/media/Dados/bases/SWDE/book/book-bookdepository/0365.htm",Elizabeth Gilbert
"/media/Dados/bases/SWDE/book/book-bookdepository/0239.htm",Sarah Turnbull
"/media/Dados/bases/SWDE/book/book-bookdepository/1349.htm",Seth Godin
"/media/Dados/bases/SWDE/book/book-bookdepository/0282.htm",Brandon Sanderson
"/media/Dados/bases/SWDE/book/book-bookdepository/1620.htm",Helen Palmer
"/media/Dados/bases/SWDE/book/book-bookdepository/1074.htm",David Sedaris
"/media/Dados/bases/SWDE/book/book-bookdepository/0482.htm",Becca Fitzpatrick
"/media/Dados/bases/SWDE/book/book-bookdepository/1551.htm",Sarah Ockler
"/media/Dados/bases/SWDE/book/book-bookdepository/1192.htm",Kerry Patterson
"/media/Dados/bases/SWDE/book/book-bookdepository/0208.htm",Lauren Conrad
"/media/Dados/bases/SWDE/book/book-bookdepository/0016.htm",Frank Joseph Kinslow
"/media/Dados/bases/SWDE/book/book-bookdepository/1863.htm",Judy Howard
"/media/Dados/bases/SWDE/book/book-bookdepository/0894.htm",Dr. Pam Spurr
"/media/Dados/bases/SWDE/book/book-bookdepository/0200.htm",Dan Brown
"/media/Dados/bases/SWDE/book/book-bookdepository/1793.htm",Camilla Lackberg
"/media/Dados/bases/SWDE/book/book-bookdepository/0751.htm",Gretchen Rubin
"/media/Dados/bases/SWDE/book/book-bookdepository/0860.htm",Steve Biddulph
"/media/Dados/bases/SWDE/book/book-bookdepository/1762.htm",Mem Fox
"/media/Dados/bases/SWDE/book/book-bookdepository/1225.htm",Anders Roslund
"/media/Dados/bases/SWDE/book/book-bookdepository/0327.htm",Deborah Madison
"/media/Dados/bases/SWDE/book/book-bookdepository/0144.htm",Craig Smith
"/media/Dados/bases/SWDE/book/book-bookdepository/0833.htm",Michael Chabon
"/media/Dados/bases/SWDE/book/book-bookdepository/1716.htm",Elie Wiesel
"/media/Dados/bases/SWDE/book/book-bookdepository/1664.htm",James Patterson
"/media/Dados/bases/SWDE/book/book-bookdepository/1529.htm",Alan Moore
"/media/Dados/bases/SWDE/book/book-bookdepository/1835.htm",Garth Ennis
"/media/Dados/bases/SWDE/book/book-bookdepository/0678.htm",Nigel Hamilton
"/media/Dados/bases/SWDE/book/book-bookdepository/0291.htm",Mario Pricken
"/media/Dados/bases/SWDE/book/book-bookdepository/0582.htm",Rachel Vincent
"/media/Dados/bases/SWDE/book/book-bookdepository/0055.htm",Scott Kelby
"/media/Dados/bases/SWDE/book/book-bookdepository/0976.htm",Matthew Sturges
"/media/Dados/bases/SWDE/book/book-bookdepository/0947.htm",Julia Donaldson
"/media/Dados/bases/SWDE/book/book-bookdepository/1095.htm",Sherman Alexie
"/media/Dados/bases/SWDE/book/book-bookdepository/0162.htm",Tonya Ricucci
"/media/Dados/bases/SWDE/book/book-bookdepository/0716.htm",Donald Miller
"/media/Dados/bases/SWDE/book/book-bookdepository/0319.htm",Gregory Maguire
"/media/Dados/bases/SWDE/book/book-bookdepository/0076.htm",Kari Chapin
"/media/Dados/bases/SWDE/book/book-bookdepository/1759.htm",Frederick Copleston
"/media/Dados/bases/SWDE/book/book-bookdepository/1544.htm",Paramahansa Yogananda
"/media/Dados/bases/SWDE/book/book-bookdepository/1248.htm",Andrea Camilleri
"/media/Dados/bases/SWDE/book/book-bookdepository/0791.htm",Teen Vogue
"/media/Dados/bases/SWDE/book/book-bookdepository/0719.htm",Dr. Henry Cloud
"/media/Dados/bases/SWDE/book/book-bookdepository/0955.htm",Warren Ellis
"/media/Dados/bases/SWDE/book/book-bookdepository/0563.htm",Melanie Falick
"/media/Dados/bases/SWDE/book/book-bookdepository/0194.htm",Lisa Lam
"/media/Dados/bases/SWDE/book/book-bookdepository/1014.htm",Howard Jacobson
"/media/Dados/bases/SWDE/book/book-bookdepository/0836.htm",Samuel Beckett
"/media/Dados/bases/SWDE/book/book-bookdepository/1290.htm",Saul Bellow
"/media/Dados/bases/SWDE/book/book-bookdepository/0699.htm",Tess Gerritsen
"/media/Dados/bases/SWDE/book/book-bookdepository/1817.htm",Cornelia Funke
"/media/Dados/bases/SWDE/book/book-bookdepository/1279.htm",Karen Marie Moning
"/media/Dados/bases/SWDE/book/book-bookdepository/0029.htm",Conn Iggulden
"/media/Dados/bases/SWDE/book/book-bookdepository/0579.htm",Richard Lee Byers
"/media/Dados/bases/SWDE/book/book-bookdepository/1524.htm",Joseph O'Connor
"/media/Dados/bases/SWDE/book/book-bookdepository/1082.htm",Sun Tzu
"/media/Dados/bases/SWDE/book/book-bookdepository/1369.htm",Robin Barker
"/media/Dados/bases/SWDE/book/book-bookdepository/1052.htm",Anthea Turner
"/media/Dados/bases/SWDE/book/book-bookdepository/0360.htm",Debbie Brown
"/media/Dados/bases/SWDE/book/book-bookdepository/1175.htm",Richard Brodie
"/media/Dados/bases/SWDE/book/book-bookdepository/0106.htm",Loren Cordain
"/media/Dados/bases/SWDE/book/book-bookdepository/1861.htm",Sue Whiting
"/media/Dados/bases/SWDE/book/book-bookdepository/0869.htm",Vincentian Center for Church
"/media/Dados/bases/SWDE/book/book-bookdepository/0746.htm",Jo Nesbo
"/media/Dados/bases/SWDE/book/book-bookdepository/1194.htm",Hill Harper
"/media/Dados/bases/SWDE/book/book-bookdepository/0666.htm",Sophie Kinsella
"/media/Dados/bases/SWDE/book/book-bookdepository/0803.htm",Mark Z. Danielewski
"/media/Dados/bases/SWDE/book/book-bookdepository/0899.htm",Bruce Marchiano
"/media/Dados/bases/SWDE/book/book-bookdepository/1499.htm",Allyson James
"/media/Dados/bases/SWDE/book/book-bookdepository/0847.htm",Lonely Planet
"/media/Dados/bases/SWDE/book/book-bookdepository/1639.htm",Yasmine Galenorn
"/media/Dados/bases/SWDE/book/book-bookdepository/1055.htm",David Nicholls
"/media/Dados/bases/SWDE/book/book-bookdepository/0096.htm",Natascha Kampusch
"/media/Dados/bases/SWDE/book/book-bookdepository/0777.htm",David Downing
"/media/Dados/bases/SWDE/book/book-bookdepository/0099.htm",Richelle Mead
"/media/Dados/bases/SWDE/book/book-bookdepository/0314.htm",Audrey Niffenegger
"/media/Dados/bases/SWDE/book/book-bookdepository/0904.htm",Tosca Reno
"/media/Dados/bases/SWDE/book/book-bookdepository/0129.htm",Garth Stein
"/media/Dados/bases/SWDE/book/book-bookdepository/0486.htm",Peter Temple
"/media/Dados/bases/SWDE/book/book-bookdepository/0380.htm",Jennifer Dion
"/media/Dados/bases/SWDE/book/book-bookdepository/1058.htm",Amanda Blake Soule
"/media/Dados/bases/SWDE/book/book-bookdepository/0597.htm",Tone Finnanger
"/media/Dados/bases/SWDE/book/book-bookdepository/1075.htm",Duncan Watts
"/media/Dados/bases/SWDE/book/book-bookdepository/1224.htm",Arnaldur Indridason
"/media/Dados/bases/SWDE/book/book-bookdepository/1605.htm",Barack Obama
"/media/Dados/bases/SWDE/book/book-bookdepository/1334.htm",TattooFinder.com
"/media/Dados/bases/SWDE/book/book-bookdepository/1434.htm",Geraldine Brooks
"/media/Dados/bases/SWDE/book/book-bookdepository/1246.htm",D. Wiesner
"/media/Dados/bases/SWDE/book/book-bookdepository/1422.htm",Giorgio Agamben
"/media/Dados/bases/SWDE/book/book-bookdepository/1607.htm",Thomas S. Kuhn
"/media/Dados/bases/SWDE/book/book-bookdepository/1934.htm",Matt Haig
"/media/Dados/bases/SWDE/book/book-bookdepository/1839.htm",Dr. Seuss
"/media/Dados/bases/SWDE/book/book-bookdepository/0137.htm",Fig Taylor
"/media/Dados/bases/SWDE/book/book-bookdepository/0423.htm",Andre Agassi
"/media/Dados/bases/SWDE/book/book-bookdepository/0889.htm",Mark Reinfeld
"/media/Dados/bases/SWDE/book/book-bookdepository/0893.htm",Editors of Amorata Press
"/media/Dados/bases/SWDE/book/book-bookdepository/0712.htm",Lora Leigh
"/media/Dados/bases/SWDE/book/book-bookdepository/1890.htm",Paula Reed
"/media/Dados/bases/SWDE/book/book-bookdepository/1951.htm",David Hume
"/media/Dados/bases/SWDE/book/book-bookdepository/0002.htm",Tsiolkas Christos
"/media/Dados/bases/SWDE/book/book-bookdepository/1449.htm",Chris Ware
"/media/Dados/bases/SWDE/book/book-bookdepository/1245.htm",Shaun Tan
"/media/Dados/bases/SWDE/book/book-bookdepository/0801.htm",Jon Stewart
"/media/Dados/bases/SWDE/book/book-bookdepository/0505.htm",Spencer Johnson
"/media/Dados/bases/SWDE/book/book-bookdepository/0776.htm",David Downing
"/media/Dados/bases/SWDE/book/book-bookdepository/0659.htm",Jerry Oppenheimer
"/media/Dados/bases/SWDE/book/book-bookdepository/0415.htm",Monica McInerney
"/media/Dados/bases/SWDE/book/book-bookdepository/0993.htm",Kathy Griffin
"/media/Dados/bases/SWDE/book/book-bookdepository/1056.htm",Missy Chase Lapine
"/media/Dados/bases/SWDE/book/book-bookdepository/0386.htm",Andrea Camilleri
"/media/Dados/bases/SWDE/book/book-bookdepository/0756.htm",Neil Strauss
"/media/Dados/bases/SWDE/book/book-bookdepository/0627.htm",Richard Askwith
"/media/Dados/bases/SWDE/book/book-bookdepository/1274.htm",Adam Kahane
"/media/Dados/bases/SWDE/book/book-bookdepository/0139.htm",John Boyne
"/media/Dados/bases/SWDE/book/book-bookdepository/1212.htm",Glenn Beck
"/media/Dados/bases/SWDE/book/book-bookdepository/0460.htm",Kari Dunn Buron
"/media/Dados/bases/SWDE/book/book-bookdepository/1433.htm",Suzuki Katsuno
"/media/Dados/bases/SWDE/book/book-bookdepository/0935.htm",Francine Rivers
"/media/Dados/bases/SWDE/book/book-bookdepository/0156.htm",Oliver Berry
"/media/Dados/bases/SWDE/book/book-bookdepository/0828.htm",Aaron Dembski-Bowden
"/media/Dados/bases/SWDE/book/book-bookdepository/1375.htm",Christopher Booker
"/media/Dados/bases/SWDE/book/book-bookdepository/1916.htm",Peter Clough
"/media/Dados/bases/SWDE/book/book-bookdepository/0598.htm",Tone Finnanger
"/media/Dados/bases/SWDE/book/book-bookdepository/0187.htm",Cassandra Clare
"/media/Dados/bases/SWDE/book/book-bookdepository/1615.htm",Colleen Patrick-Goudreau
"/media/Dados/bases/SWDE/book/book-bookdepository/0511.htm",Shannon Hayes
"/media/Dados/bases/SWDE/book/book-bookdepository/1862.htm",Kurt Schnaubelt
"/media/Dados/bases/SWDE/book/book-bookdepository/1749.htm",Philip Yancey
"/media/Dados/bases/SWDE/book/book-bookdepository/1221.htm",Robert Beverly Hale
"/media/Dados/bases/SWDE/book/book-bookdepository/1384.htm",Thomas W. Phelan
"/media/Dados/bases/SWDE/book/book-bookdepository/1096.htm",Rosemary Aitken
"/media/Dados/bases/SWDE/book/book-bookdepository/1158.htm",Penguin
"/media/Dados/bases/SWDE/book/book-bookdepository/0508.htm",Tara Frey
"/media/Dados/bases/SWDE/book/book-bookdepository/1932.htm",Stephen Dando-Collins
"/media/Dados/bases/SWDE/book/book-bookdepository/0218.htm",Muriel Barbery
"/media/Dados/bases/SWDE/book/book-bookdepository/1838.htm",Wong Herbert Yee
"/media/Dados/bases/SWDE/book/book-bookdepository/1998.htm",Kelly Wiese
"/media/Dados/bases/SWDE/book/book-bookdepository/1203.htm",P C Cast
"/media/Dados/bases/SWDE/book/book-bookdepository/1106.htm",Barry Schwartz
"/media/Dados/bases/SWDE/book/book-bookdepository/0382.htm",Kieron Gillen
"/media/Dados/bases/SWDE/book/book-bookdepository/0163.htm",Joseph Murphy
"/media/Dados/bases/SWDE/book/book-bookdepository/1992.htm",Christen Haden
"/media/Dados/bases/SWDE/book/book-bookdepository/1388.htm",Lawrence J. Cohen
"/media/Dados/bases/SWDE/book/book-bookdepository/1034.htm",Bryan Peterson
"/media/Dados/bases/SWDE/book/book-bookdepository/1612.htm",Tim Winton
"/media/Dados/bases/SWDE/book/book-bookdepository/0077.htm",Rick Smith
"/media/Dados/bases/SWDE/book/book-bookdepository/0155.htm",Neil Perry
"/media/Dados/bases/SWDE/book/book-bookdepository/1995.htm","Charles, Haanel"
"/media/Dados/bases/SWDE/book/book-bookdepository/1766.htm",Niall Ferguson
"/media/Dados/bases/SWDE/book/book-bookdepository/0261.htm",Jamie Ford
"/media/Dados/bases/SWDE/book/book-bookdepository/1497.htm",Regina Leeds
"/media/Dados/bases/SWDE/book/book-bookdepository/1486.htm",A.C. Grayling
"/media/Dados/bases/SWDE/book/book-bookdepository/0822.htm",Lionel Shriver
"/media/Dados/bases/SWDE/book/book-bookdepository/1068.htm",Carolyn Mahaney
"/media/Dados/bases/SWDE/book/book-bookdepository/0491.htm",Rae Morris
"/media/Dados/bases/SWDE/book/book-bookdepository/1636.htm","Hui, Victoria Tin-Bor"
"/media/Dados/bases/SWDE/book/book-bookdepository/1085.htm",Tsunetomo Yamamoto
"/media/Dados/bases/SWDE/book/book-bookdepository/0661.htm",Ilona Andrews
"/media/Dados/bases/SWDE/book/book-bookdepository/0691.htm",Primo Levi
"/media/Dados/bases/SWDE/book/book-bookdepository/1565.htm",William A. Cannon
"/media/Dados/bases/SWDE/book/book-bookdepository/0074.htm",Lolo Houbein
"/media/Dados/bases/SWDE/book/book-bookdepository/0205.htm",Vladimir Nabokov
"/media/Dados/bases/SWDE/book/book-bookdepository/1118.htm",Jeff Lindsay
"/media/Dados/bases/SWDE/book/book-bookdepository/0222.htm",David Platt
"/media/Dados/bases/SWDE/book/book-bookdepository/0998.htm",Steven Mintz
"/media/Dados/bases/SWDE/book/book-bookdepository/0373.htm",John Seely
"/media/Dados/bases/SWDE/book/book-bookdepository/1598.htm","Hobb, Robin"
"/media/Dados/bases/SWDE/book/book-bookdepository/1262.htm",Kerrelyn Sparks
"/media/Dados/bases/SWDE/book/book-bookdepository/1152.htm",Timothy J. Vance
"/media/Dados/bases/SWDE/book/book-bookdepository/0211.htm",John Boyne
"/media/Dados/bases/SWDE/book/book-bookdepository/0693.htm",Nora Roberts
"/media/Dados/bases/SWDE/book/book-bookdepository/1696.htm",Sir William Golding
"/media/Dados/bases/SWDE/book/book-bookdepository/0600.htm",Nigella Lawson
"/media/Dados/bases/SWDE/book/book-bookdepository/0762.htm",Oliver Jeffers
"/media/Dados/bases/SWDE/book/book-bookdepository/0279.htm",Richard Drake
"/media/Dados/bases/SWDE/book/book-bookdepository/0458.htm",Matt Fitzgerald
"/media/Dados/bases/SWDE/book/book-bookdepository/0896.htm",Rize Shinba
"/media/Dados/bases/SWDE/book/book-bookdepository/0749.htm",Dale Carnegie
"/media/Dados/bases/SWDE/book/book-bookdepository/1525.htm",8Fish
"/media/Dados/bases/SWDE/book/book-bookdepository/0526.htm",Ellen Lupton
"/media/Dados/bases/SWDE/book/book-bookdepository/0353.htm",David Evans
"/media/Dados/bases/SWDE/book/book-bookdepository/1941.htm",Alan Temperley
"/media/Dados/bases/SWDE/book/book-bookdepository/1356.htm",Jo Waterhouse
"/media/Dados/bases/SWDE/book/book-bookdepository/1136.htm",Roy Chudley
"/media/Dados/bases/SWDE/book/book-bookdepository/1577.htm",Arnold Schwarzenegger
"/media/Dados/bases/SWDE/book/book-bookdepository/1935.htm",Aimee Bender
"/media/Dados/bases/SWDE/book/book-bookdepository/0049.htm",Rachel Caine
"/media/Dados/bases/SWDE/book/book-bookdepository/1960.htm",Michael Moorcock
"/media/Dados/bases/SWDE/book/book-bookdepository/1746.htm",Sharon Jaynes
"/media/Dados/bases/SWDE/book/book-bookdepository/1628.htm",Justin Cronin
"/media/Dados/bases/SWDE/book/book-bookdepository/0454.htm",Robin Oake
"/media/Dados/bases/SWDE/book/book-bookdepository/1071.htm",Vendela Vida
"/media/Dados/bases/SWDE/book/book-bookdepository/0930.htm",Chelsea Handler
"/media/Dados/bases/SWDE/book/book-bookdepository/0494.htm",Kerry Greenwood
"/media/Dados/bases/SWDE/book/book-bookdepository/0338.htm",Courtney Summers
"/media/Dados/bases/SWDE/book/book-bookdepository/1425.htm",Duncan J. Watts
"/media/Dados/bases/SWDE/book/book-bookdepository/1289.htm",Jeffrey Eugenides
"/media/Dados/bases/SWDE/book/book-bookdepository/1215.htm",Nora Teresa Gedgaudas
"/media/Dados/bases/SWDE/book/book-bookdepository/1321.htm",Ursula K. Le Guin
"/media/Dados/bases/SWDE/book/book-bookdepository/1457.htm",Lauren Ulm
"/media/Dados/bases/SWDE/book/book-bookdepository/0641.htm",Bruce Perry
"/media/Dados/bases/SWDE/book/book-bookdepository/1206.htm",Neil Gaiman
"/media/Dados/bases/SWDE/book/book-bookdepository/1895.htm",Frances Hodgson Burnett
"/media/Dados/bases/SWDE/book/book-bookdepository/0126.htm",Kathy Reichs
"/media/Dados/bases/SWDE/book/book-bookdepository/0047.htm",William Goldman
"/media/Dados/bases/SWDE/book/book-bookdepository/1725.htm",Diana Gabaldon
"/media/Dados/bases/SWDE/book/book-bookdepository/1327.htm",Kathy Acker
