URL,EXTRACTED VALUE
"/media/Dados/bases/SWDE/book/book-abebooks/0222.htm",BookHints provided by:
"/media/Dados/bases/SWDE/book/book-abebooks/1160.htm",BookHints provided by:
"/media/Dados/bases/SWDE/book/book-abebooks/1926.htm",BookHints provided by:
"/media/Dados/bases/SWDE/book/book-abebooks/0190.htm",BookHints provided by:
"/media/Dados/bases/SWDE/book/book-abebooks/0385.htm",BookHints provided by:
"/media/Dados/bases/SWDE/book/book-abebooks/0968.htm",BookHints provided by:
"/media/Dados/bases/SWDE/book/book-abebooks/0393.htm",BookHints provided by:
"/media/Dados/bases/SWDE/book/book-abebooks/0282.htm",BookHints provided by:
"/media/Dados/bases/SWDE/book/book-abebooks/1053.htm",BookHints provided by:
"/media/Dados/bases/SWDE/book/book-abebooks/0325.htm",BookHints provided by:
"/media/Dados/bases/SWDE/book/book-abebooks/1798.htm",BookHints provided by:
"/media/Dados/bases/SWDE/book/book-abebooks/0209.htm",BookHints provided by:
"/media/Dados/bases/SWDE/book/book-abebooks/1103.htm",BookHints provided by:
"/media/Dados/bases/SWDE/book/book-abebooks/0803.htm",BookHints provided by:
"/media/Dados/bases/SWDE/book/book-abebooks/1634.htm",BookHints provided by:
"/media/Dados/bases/SWDE/book/book-abebooks/1191.htm",BookHints provided by:
"/media/Dados/bases/SWDE/book/book-abebooks/0192.htm",BookHints provided by:
"/media/Dados/bases/SWDE/book/book-abebooks/1110.htm",BookHints provided by:
"/media/Dados/bases/SWDE/book/book-abebooks/0794.htm",BookHints provided by:
"/media/Dados/bases/SWDE/book/book-abebooks/1196.htm",BookHints provided by:
"/media/Dados/bases/SWDE/book/book-abebooks/0717.htm",BookHints provided by:
"/media/Dados/bases/SWDE/book/book-abebooks/1239.htm",BookHints provided by:
"/media/Dados/bases/SWDE/book/book-abebooks/0972.htm",BookHints provided by:
"/media/Dados/bases/SWDE/book/book-abebooks/0234.htm",BookHints provided by:
"/media/Dados/bases/SWDE/book/book-abebooks/1608.htm",BookHints provided by:
"/media/Dados/bases/SWDE/book/book-abebooks/0886.htm",BookHints provided by:
"/media/Dados/bases/SWDE/book/book-abebooks/0656.htm",BookHints provided by:
"/media/Dados/bases/SWDE/book/book-abebooks/0068.htm",BookHints provided by:
"/media/Dados/bases/SWDE/book/book-abebooks/0626.htm",BookHints provided by:
"/media/Dados/bases/SWDE/book/book-abebooks/0706.htm",BookHints provided by:
"/media/Dados/bases/SWDE/book/book-abebooks/0622.htm",BookHints provided by:
"/media/Dados/bases/SWDE/book/book-abebooks/0090.htm",BookHints provided by:
"/media/Dados/bases/SWDE/book/book-abebooks/0895.htm",BookHints provided by:
"/media/Dados/bases/SWDE/book/book-abebooks/0655.htm",BookHints provided by:
"/media/Dados/bases/SWDE/book/book-abebooks/0145.htm",BookHints provided by:
"/media/Dados/bases/SWDE/book/book-abebooks/1204.htm",BookHints provided by:
"/media/Dados/bases/SWDE/book/book-abebooks/0494.htm",BookHints provided by:
"/media/Dados/bases/SWDE/book/book-abebooks/0356.htm",BookHints provided by:
"/media/Dados/bases/SWDE/book/book-abebooks/0671.htm",BookHints provided by:
"/media/Dados/bases/SWDE/book/book-abebooks/0910.htm",BookHints provided by:
"/media/Dados/bases/SWDE/book/book-abebooks/0276.htm",BookHints provided by:
"/media/Dados/bases/SWDE/book/book-abebooks/1092.htm",BookHints provided by:
"/media/Dados/bases/SWDE/book/book-abebooks/1061.htm",BookHints provided by:
"/media/Dados/bases/SWDE/book/book-abebooks/0821.htm",BookHints provided by:
"/media/Dados/bases/SWDE/book/book-abebooks/1747.htm",BookHints provided by:
"/media/Dados/bases/SWDE/book/book-abebooks/0703.htm",BookHints provided by:
"/media/Dados/bases/SWDE/book/book-abebooks/0473.htm",BookHints provided by:
"/media/Dados/bases/SWDE/book/book-abebooks/1145.htm",BookHints provided by:
"/media/Dados/bases/SWDE/book/book-abebooks/0445.htm",BookHints provided by:
"/media/Dados/bases/SWDE/book/book-abebooks/1200.htm",BookHints provided by:
"/media/Dados/bases/SWDE/book/book-abebooks/1822.htm",BookHints provided by:
"/media/Dados/bases/SWDE/book/book-abebooks/1786.htm",BookHints provided by:
"/media/Dados/bases/SWDE/book/book-abebooks/1541.htm",BookHints provided by:
"/media/Dados/bases/SWDE/book/book-abebooks/1232.htm",BookHints provided by:
"/media/Dados/bases/SWDE/book/book-abebooks/1052.htm",BookHints provided by:
"/media/Dados/bases/SWDE/book/book-abebooks/1096.htm",BookHints provided by:
"/media/Dados/bases/SWDE/book/book-abebooks/1790.htm",BookHints provided by:
"/media/Dados/bases/SWDE/book/book-abebooks/0885.htm",BookHints provided by:
"/media/Dados/bases/SWDE/book/book-abebooks/1280.htm",BookHints provided by:
"/media/Dados/bases/SWDE/book/book-abebooks/0070.htm",BookHints provided by:
"/media/Dados/bases/SWDE/book/book-abebooks/0448.htm",BookHints provided by:
"/media/Dados/bases/SWDE/book/book-abebooks/0637.htm",BookHints provided by:
"/media/Dados/bases/SWDE/book/book-abebooks/1432.htm",BookHints provided by:
"/media/Dados/bases/SWDE/book/book-abebooks/0098.htm",BookHints provided by:
"/media/Dados/bases/SWDE/book/book-abebooks/1484.htm",BookHints provided by:
"/media/Dados/bases/SWDE/book/book-abebooks/0423.htm",BookHints provided by:
"/media/Dados/bases/SWDE/book/book-abebooks/1827.htm",BookHints provided by:
"/media/Dados/bases/SWDE/book/book-abebooks/0865.htm",BookHints provided by:
"/media/Dados/bases/SWDE/book/book-abebooks/1256.htm",BookHints provided by:
"/media/Dados/bases/SWDE/book/book-abebooks/0777.htm",BookHints provided by:
"/media/Dados/bases/SWDE/book/book-abebooks/0575.htm",BookHints provided by:
"/media/Dados/bases/SWDE/book/book-abebooks/0334.htm",BookHints provided by:
"/media/Dados/bases/SWDE/book/book-abebooks/1201.htm",BookHints provided by:
"/media/Dados/bases/SWDE/book/book-abebooks/1047.htm",BookHints provided by:
"/media/Dados/bases/SWDE/book/book-abebooks/1066.htm",BookHints provided by:
"/media/Dados/bases/SWDE/book/book-abebooks/1095.htm",BookHints provided by:
"/media/Dados/bases/SWDE/book/book-abebooks/0252.htm",BookHints provided by:
"/media/Dados/bases/SWDE/book/book-abebooks/0426.htm",BookHints provided by:
"/media/Dados/bases/SWDE/book/book-abebooks/0285.htm",BookHints provided by:
"/media/Dados/bases/SWDE/book/book-abebooks/0254.htm",BookHints provided by:
"/media/Dados/bases/SWDE/book/book-abebooks/0982.htm",BookHints provided by:
"/media/Dados/bases/SWDE/book/book-abebooks/1127.htm",BookHints provided by:
"/media/Dados/bases/SWDE/book/book-abebooks/1122.htm",BookHints provided by:
"/media/Dados/bases/SWDE/book/book-abebooks/1826.htm",BookHints provided by:
"/media/Dados/bases/SWDE/book/book-abebooks/1266.htm",BookHints provided by:
"/media/Dados/bases/SWDE/book/book-abebooks/0377.htm",BookHints provided by:
"/media/Dados/bases/SWDE/book/book-abebooks/1179.htm",BookHints provided by:
"/media/Dados/bases/SWDE/book/book-abebooks/1681.htm",BookHints provided by:
"/media/Dados/bases/SWDE/book/book-abebooks/0237.htm",BookHints provided by:
"/media/Dados/bases/SWDE/book/book-abebooks/0297.htm",BookHints provided by:
"/media/Dados/bases/SWDE/book/book-abebooks/0912.htm",BookHints provided by:
"/media/Dados/bases/SWDE/book/book-abebooks/0062.htm",BookHints provided by:
"/media/Dados/bases/SWDE/book/book-abebooks/0617.htm",BookHints provided by:
"/media/Dados/bases/SWDE/book/book-abebooks/0449.htm",BookHints provided by:
"/media/Dados/bases/SWDE/book/book-abebooks/1883.htm",BookHints provided by:
"/media/Dados/bases/SWDE/book/book-abebooks/0725.htm",BookHints provided by:
"/media/Dados/bases/SWDE/book/book-abebooks/1185.htm",BookHints provided by:
"/media/Dados/bases/SWDE/book/book-abebooks/0573.htm",BookHints provided by:
"/media/Dados/bases/SWDE/book/book-abebooks/0663.htm",BookHints provided by:
"/media/Dados/bases/SWDE/book/book-abebooks/1654.htm",BookHints provided by:
"/media/Dados/bases/SWDE/book/book-abebooks/1545.htm",BookHints provided by:
"/media/Dados/bases/SWDE/book/book-abebooks/0492.htm",BookHints provided by:
"/media/Dados/bases/SWDE/book/book-abebooks/0133.htm",BookHints provided by:
"/media/Dados/bases/SWDE/book/book-abebooks/1604.htm",BookHints provided by:
"/media/Dados/bases/SWDE/book/book-abebooks/1025.htm",BookHints provided by:
"/media/Dados/bases/SWDE/book/book-abebooks/1733.htm",BookHints provided by:
"/media/Dados/bases/SWDE/book/book-abebooks/1156.htm",BookHints provided by:
"/media/Dados/bases/SWDE/book/book-abebooks/0365.htm",BookHints provided by:
"/media/Dados/bases/SWDE/book/book-abebooks/0314.htm",BookHints provided by:
"/media/Dados/bases/SWDE/book/book-abebooks/1391.htm",BookHints provided by:
"/media/Dados/bases/SWDE/book/book-abebooks/0487.htm",BookHints provided by:
"/media/Dados/bases/SWDE/book/book-abebooks/0724.htm",BookHints provided by:
"/media/Dados/bases/SWDE/book/book-abebooks/0187.htm",BookHints provided by:
"/media/Dados/bases/SWDE/book/book-abebooks/0983.htm",BookHints provided by:
"/media/Dados/bases/SWDE/book/book-abebooks/0744.htm",BookHints provided by:
"/media/Dados/bases/SWDE/book/book-abebooks/0666.htm",BookHints provided by:
"/media/Dados/bases/SWDE/book/book-abebooks/0698.htm",BookHints provided by:
"/media/Dados/bases/SWDE/book/book-abebooks/0129.htm",BookHints provided by:
"/media/Dados/bases/SWDE/book/book-abebooks/1099.htm",BookHints provided by:
"/media/Dados/bases/SWDE/book/book-abebooks/0429.htm",BookHints provided by:
"/media/Dados/bases/SWDE/book/book-abebooks/1327.htm",BookHints provided by:
"/media/Dados/bases/SWDE/book/book-abebooks/0739.htm",BookHints provided by:
"/media/Dados/bases/SWDE/book/book-abebooks/1354.htm",BookHints provided by:
"/media/Dados/bases/SWDE/book/book-abebooks/0174.htm",BookHints provided by:
"/media/Dados/bases/SWDE/book/book-abebooks/1420.htm",BookHints provided by:
"/media/Dados/bases/SWDE/book/book-abebooks/1806.htm",BookHints provided by:
"/media/Dados/bases/SWDE/book/book-abebooks/0182.htm",BookHints provided by:
"/media/Dados/bases/SWDE/book/book-abebooks/1353.htm",BookHints provided by:
"/media/Dados/bases/SWDE/book/book-abebooks/0434.htm",BookHints provided by:
"/media/Dados/bases/SWDE/book/book-abebooks/1088.htm",BookHints provided by:
"/media/Dados/bases/SWDE/book/book-abebooks/0482.htm",BookHints provided by:
"/media/Dados/bases/SWDE/book/book-abebooks/0790.htm",BookHints provided by:
"/media/Dados/bases/SWDE/book/book-abebooks/0025.htm",BookHints provided by:
"/media/Dados/bases/SWDE/book/book-abebooks/0294.htm",BookHints provided by:
"/media/Dados/bases/SWDE/book/book-abebooks/0974.htm",BookHints provided by:
"/media/Dados/bases/SWDE/book/book-abebooks/0681.htm",BookHints provided by:
"/media/Dados/bases/SWDE/book/book-abebooks/1055.htm",BookHints provided by:
"/media/Dados/bases/SWDE/book/book-abebooks/0012.htm",BookHints provided by:
"/media/Dados/bases/SWDE/book/book-abebooks/1068.htm",BookHints provided by:
"/media/Dados/bases/SWDE/book/book-abebooks/0854.htm",BookHints provided by:
"/media/Dados/bases/SWDE/book/book-abebooks/0934.htm",BookHints provided by:
"/media/Dados/bases/SWDE/book/book-abebooks/0683.htm",BookHints provided by:
"/media/Dados/bases/SWDE/book/book-abebooks/0103.htm",BookHints provided by:
"/media/Dados/bases/SWDE/book/book-abebooks/0613.htm",BookHints provided by:
"/media/Dados/bases/SWDE/book/book-abebooks/0661.htm",BookHints provided by:
"/media/Dados/bases/SWDE/book/book-abebooks/0853.htm",BookHints provided by:
"/media/Dados/bases/SWDE/book/book-abebooks/1881.htm",BookHints provided by:
"/media/Dados/bases/SWDE/book/book-abebooks/0712.htm",BookHints provided by:
"/media/Dados/bases/SWDE/book/book-abebooks/1867.htm",BookHints provided by:
"/media/Dados/bases/SWDE/book/book-abebooks/1119.htm",BookHints provided by:
"/media/Dados/bases/SWDE/book/book-abebooks/0338.htm",BookHints provided by:
"/media/Dados/bases/SWDE/book/book-abebooks/0151.htm",BookHints provided by:
"/media/Dados/bases/SWDE/book/book-abebooks/0439.htm",BookHints provided by:
"/media/Dados/bases/SWDE/book/book-abebooks/1916.htm",BookHints provided by:
"/media/Dados/bases/SWDE/book/book-abebooks/1097.htm",BookHints provided by:
"/media/Dados/bases/SWDE/book/book-abebooks/0536.htm",BookHints provided by:
"/media/Dados/bases/SWDE/book/book-abebooks/1840.htm",BookHints provided by:
"/media/Dados/bases/SWDE/book/book-abebooks/1575.htm",BookHints provided by:
"/media/Dados/bases/SWDE/book/book-abebooks/0281.htm",BookHints provided by:
"/media/Dados/bases/SWDE/book/book-abebooks/0702.htm",BookHints provided by:
"/media/Dados/bases/SWDE/book/book-abebooks/1688.htm",BookHints provided by:
"/media/Dados/bases/SWDE/book/book-abebooks/1117.htm",BookHints provided by:
"/media/Dados/bases/SWDE/book/book-abebooks/1633.htm",BookHints provided by:
"/media/Dados/bases/SWDE/book/book-abebooks/0468.htm",BookHints provided by:
"/media/Dados/bases/SWDE/book/book-abebooks/0099.htm",BookHints provided by:
"/media/Dados/bases/SWDE/book/book-abebooks/1567.htm",BookHints provided by:
"/media/Dados/bases/SWDE/book/book-abebooks/0667.htm",BookHints provided by:
"/media/Dados/bases/SWDE/book/book-abebooks/0436.htm",BookHints provided by:
"/media/Dados/bases/SWDE/book/book-abebooks/1494.htm",BookHints provided by:
"/media/Dados/bases/SWDE/book/book-abebooks/0963.htm",BookHints provided by:
"/media/Dados/bases/SWDE/book/book-abebooks/0396.htm",BookHints provided by:
"/media/Dados/bases/SWDE/book/book-abebooks/1554.htm",BookHints provided by:
"/media/Dados/bases/SWDE/book/book-abebooks/1130.htm",BookHints provided by:
"/media/Dados/bases/SWDE/book/book-abebooks/0447.htm",BookHints provided by:
"/media/Dados/bases/SWDE/book/book-abebooks/1641.htm",BookHints provided by:
"/media/Dados/bases/SWDE/book/book-abebooks/0569.htm",BookHints provided by:
"/media/Dados/bases/SWDE/book/book-abebooks/1449.htm",BookHints provided by:
"/media/Dados/bases/SWDE/book/book-abebooks/0134.htm",BookHints provided by:
"/media/Dados/bases/SWDE/book/book-abebooks/0141.htm",BookHints provided by:
"/media/Dados/bases/SWDE/book/book-abebooks/0699.htm",BookHints provided by:
"/media/Dados/bases/SWDE/book/book-abebooks/0407.htm",BookHints provided by:
"/media/Dados/bases/SWDE/book/book-abebooks/0691.htm",BookHints provided by:
"/media/Dados/bases/SWDE/book/book-abebooks/1016.htm",BookHints provided by:
"/media/Dados/bases/SWDE/book/book-abebooks/1712.htm",BookHints provided by:
"/media/Dados/bases/SWDE/book/book-abebooks/0658.htm",BookHints provided by:
"/media/Dados/bases/SWDE/book/book-abebooks/0944.htm",BookHints provided by:
"/media/Dados/bases/SWDE/book/book-abebooks/1882.htm",BookHints provided by:
"/media/Dados/bases/SWDE/book/book-abebooks/0628.htm",BookHints provided by:
"/media/Dados/bases/SWDE/book/book-abebooks/0999.htm",BookHints provided by:
"/media/Dados/bases/SWDE/book/book-abebooks/1214.htm",BookHints provided by:
"/media/Dados/bases/SWDE/book/book-abebooks/0298.htm",BookHints provided by:
"/media/Dados/bases/SWDE/book/book-abebooks/0018.htm",BookHints provided by:
"/media/Dados/bases/SWDE/book/book-abebooks/0069.htm",BookHints provided by:
"/media/Dados/bases/SWDE/book/book-abebooks/1240.htm",BookHints provided by:
"/media/Dados/bases/SWDE/book/book-abebooks/0259.htm",BookHints provided by:
"/media/Dados/bases/SWDE/book/book-abebooks/0286.htm",BookHints provided by:
"/media/Dados/bases/SWDE/book/book-abebooks/1874.htm",BookHints provided by:
"/media/Dados/bases/SWDE/book/book-abebooks/0073.htm",BookHints provided by:
"/media/Dados/bases/SWDE/book/book-abebooks/0299.htm",BookHints provided by:
"/media/Dados/bases/SWDE/book/book-abebooks/1813.htm",BookHints provided by:
"/media/Dados/bases/SWDE/book/book-abebooks/1050.htm",BookHints provided by:
"/media/Dados/bases/SWDE/book/book-abebooks/1458.htm",BookHints provided by:
"/media/Dados/bases/SWDE/book/book-abebooks/0406.htm",BookHints provided by:
"/media/Dados/bases/SWDE/book/book-abebooks/0195.htm",BookHints provided by:
"/media/Dados/bases/SWDE/book/book-abebooks/1183.htm",BookHints provided by:
"/media/Dados/bases/SWDE/book/book-abebooks/1153.htm",BookHints provided by:
"/media/Dados/bases/SWDE/book/book-abebooks/1105.htm",BookHints provided by:
"/media/Dados/bases/SWDE/book/book-abebooks/1936.htm",BookHints provided by:
"/media/Dados/bases/SWDE/book/book-abebooks/0964.htm",BookHints provided by:
"/media/Dados/bases/SWDE/book/book-abebooks/1996.htm",BookHints provided by:
"/media/Dados/bases/SWDE/book/book-abebooks/1616.htm",BookHints provided by:
"/media/Dados/bases/SWDE/book/book-abebooks/1816.htm",BookHints provided by:
"/media/Dados/bases/SWDE/book/book-abebooks/1188.htm",BookHints provided by:
"/media/Dados/bases/SWDE/book/book-abebooks/0206.htm",BookHints provided by:
"/media/Dados/bases/SWDE/book/book-abebooks/0457.htm",BookHints provided by:
"/media/Dados/bases/SWDE/book/book-abebooks/0690.htm",BookHints provided by:
"/media/Dados/bases/SWDE/book/book-abebooks/1856.htm",BookHints provided by:
"/media/Dados/bases/SWDE/book/book-abebooks/0408.htm",BookHints provided by:
"/media/Dados/bases/SWDE/book/book-abebooks/1369.htm",BookHints provided by:
"/media/Dados/bases/SWDE/book/book-abebooks/0514.htm",BookHints provided by:
"/media/Dados/bases/SWDE/book/book-abebooks/0911.htm",BookHints provided by:
"/media/Dados/bases/SWDE/book/book-abebooks/1108.htm",BookHints provided by:
"/media/Dados/bases/SWDE/book/book-abebooks/1766.htm",BookHints provided by:
"/media/Dados/bases/SWDE/book/book-abebooks/1150.htm",BookHints provided by:
"/media/Dados/bases/SWDE/book/book-abebooks/0762.htm",BookHints provided by:
"/media/Dados/bases/SWDE/book/book-abebooks/1509.htm",BookHints provided by:
"/media/Dados/bases/SWDE/book/book-abebooks/0420.htm",BookHints provided by:
"/media/Dados/bases/SWDE/book/book-abebooks/0255.htm",BookHints provided by:
"/media/Dados/bases/SWDE/book/book-abebooks/1319.htm",BookHints provided by:
"/media/Dados/bases/SWDE/book/book-abebooks/1029.htm",BookHints provided by:
"/media/Dados/bases/SWDE/book/book-abebooks/0653.htm",BookHints provided by:
"/media/Dados/bases/SWDE/book/book-abebooks/1159.htm",BookHints provided by:
"/media/Dados/bases/SWDE/book/book-abebooks/1445.htm",BookHints provided by:
"/media/Dados/bases/SWDE/book/book-abebooks/0557.htm",BookHints provided by:
"/media/Dados/bases/SWDE/book/book-abebooks/1802.htm",BookHints provided by:
"/media/Dados/bases/SWDE/book/book-abebooks/0991.htm",BookHints provided by:
"/media/Dados/bases/SWDE/book/book-abebooks/0610.htm",BookHints provided by:
"/media/Dados/bases/SWDE/book/book-abebooks/0114.htm",BookHints provided by:
"/media/Dados/bases/SWDE/book/book-abebooks/0718.htm",BookHints provided by:
"/media/Dados/bases/SWDE/book/book-abebooks/1026.htm",BookHints provided by:
"/media/Dados/bases/SWDE/book/book-abebooks/0322.htm",BookHints provided by:
"/media/Dados/bases/SWDE/book/book-abebooks/0227.htm",BookHints provided by:
"/media/Dados/bases/SWDE/book/book-abebooks/1648.htm",BookHints provided by:
"/media/Dados/bases/SWDE/book/book-abebooks/0657.htm",BookHints provided by:
"/media/Dados/bases/SWDE/book/book-abebooks/1213.htm",BookHints provided by:
"/media/Dados/bases/SWDE/book/book-abebooks/0979.htm",BookHints provided by:
"/media/Dados/bases/SWDE/book/book-abebooks/1574.htm",BookHints provided by:
"/media/Dados/bases/SWDE/book/book-abebooks/1544.htm",BookHints provided by:
"/media/Dados/bases/SWDE/book/book-abebooks/0469.htm",BookHints provided by:
"/media/Dados/bases/SWDE/book/book-abebooks/1638.htm",BookHints provided by:
"/media/Dados/bases/SWDE/book/book-abebooks/1251.htm",BookHints provided by:
"/media/Dados/bases/SWDE/book/book-abebooks/0312.htm",BookHints provided by:
"/media/Dados/bases/SWDE/book/book-abebooks/0633.htm",BookHints provided by:
"/media/Dados/bases/SWDE/book/book-abebooks/0171.htm",BookHints provided by:
"/media/Dados/bases/SWDE/book/book-abebooks/0977.htm",BookHints provided by:
"/media/Dados/bases/SWDE/book/book-abebooks/1944.htm",BookHints provided by:
"/media/Dados/bases/SWDE/book/book-abebooks/0082.htm",BookHints provided by:
"/media/Dados/bases/SWDE/book/book-abebooks/0272.htm",BookHints provided by:
"/media/Dados/bases/SWDE/book/book-abebooks/1741.htm",BookHints provided by:
"/media/Dados/bases/SWDE/book/book-abebooks/1714.htm",BookHints provided by:
"/media/Dados/bases/SWDE/book/book-abebooks/0682.htm",BookHints provided by:
"/media/Dados/bases/SWDE/book/book-abebooks/1627.htm",BookHints provided by:
"/media/Dados/bases/SWDE/book/book-abebooks/0994.htm",BookHints provided by:
"/media/Dados/bases/SWDE/book/book-abebooks/0518.htm",BookHints provided by:
"/media/Dados/bases/SWDE/book/book-abebooks/1610.htm",BookHints provided by:
"/media/Dados/bases/SWDE/book/book-abebooks/1229.htm",BookHints provided by:
"/media/Dados/bases/SWDE/book/book-abebooks/0584.htm",BookHints provided by:
"/media/Dados/bases/SWDE/book/book-abebooks/1121.htm",BookHints provided by:
"/media/Dados/bases/SWDE/book/book-abebooks/0672.htm",BookHints provided by:
"/media/Dados/bases/SWDE/book/book-abebooks/0116.htm",BookHints provided by:
"/media/Dados/bases/SWDE/book/book-abebooks/1140.htm",BookHints provided by:
"/media/Dados/bases/SWDE/book/book-abebooks/0368.htm",BookHints provided by:
"/media/Dados/bases/SWDE/book/book-abebooks/1650.htm",BookHints provided by:
"/media/Dados/bases/SWDE/book/book-abebooks/1937.htm",BookHints provided by:
"/media/Dados/bases/SWDE/book/book-abebooks/1208.htm",BookHints provided by:
"/media/Dados/bases/SWDE/book/book-abebooks/0084.htm",BookHints provided by:
"/media/Dados/bases/SWDE/book/book-abebooks/0587.htm",BookHints provided by:
"/media/Dados/bases/SWDE/book/book-abebooks/1236.htm",BookHints provided by:
"/media/Dados/bases/SWDE/book/book-abebooks/0464.htm",BookHints provided by:
"/media/Dados/bases/SWDE/book/book-abebooks/0817.htm",BookHints provided by:
"/media/Dados/bases/SWDE/book/book-abebooks/0650.htm",BookHints provided by:
"/media/Dados/bases/SWDE/book/book-abebooks/1928.htm",BookHints provided by:
"/media/Dados/bases/SWDE/book/book-abebooks/1853.htm",BookHints provided by:
"/media/Dados/bases/SWDE/book/book-abebooks/0901.htm",BookHints provided by:
"/media/Dados/bases/SWDE/book/book-abebooks/0926.htm",BookHints provided by:
"/media/Dados/bases/SWDE/book/book-abebooks/1139.htm",BookHints provided by:
"/media/Dados/bases/SWDE/book/book-abebooks/1620.htm",BookHints provided by:
"/media/Dados/bases/SWDE/book/book-abebooks/1267.htm",BookHints provided by:
"/media/Dados/bases/SWDE/book/book-abebooks/0470.htm",BookHints provided by:
"/media/Dados/bases/SWDE/book/book-abebooks/0381.htm",BookHints provided by:
"/media/Dados/bases/SWDE/book/book-abebooks/0019.htm",BookHints provided by:
"/media/Dados/bases/SWDE/book/book-abebooks/0921.htm",BookHints provided by:
"/media/Dados/bases/SWDE/book/book-abebooks/1144.htm",BookHints provided by:
"/media/Dados/bases/SWDE/book/book-abebooks/1221.htm",BookHints provided by:
"/media/Dados/bases/SWDE/book/book-abebooks/0866.htm",BookHints provided by:
"/media/Dados/bases/SWDE/book/book-abebooks/0966.htm",BookHints provided by:
"/media/Dados/bases/SWDE/book/book-abebooks/1682.htm",BookHints provided by:
"/media/Dados/bases/SWDE/book/book-abebooks/1859.htm",BookHints provided by:
"/media/Dados/bases/SWDE/book/book-abebooks/0466.htm",BookHints provided by:
"/media/Dados/bases/SWDE/book/book-abebooks/0369.htm",BookHints provided by:
"/media/Dados/bases/SWDE/book/book-abebooks/1254.htm",BookHints provided by:
"/media/Dados/bases/SWDE/book/book-abebooks/1218.htm",BookHints provided by:
"/media/Dados/bases/SWDE/book/book-abebooks/1589.htm",BookHints provided by:
"/media/Dados/bases/SWDE/book/book-abebooks/1516.htm",BookHints provided by:
"/media/Dados/bases/SWDE/book/book-abebooks/1227.htm",BookHints provided by:
"/media/Dados/bases/SWDE/book/book-abebooks/0043.htm",BookHints provided by:
"/media/Dados/bases/SWDE/book/book-abebooks/1149.htm",BookHints provided by:
"/media/Dados/bases/SWDE/book/book-abebooks/0797.htm",BookHints provided by:
"/media/Dados/bases/SWDE/book/book-abebooks/0256.htm",BookHints provided by:
"/media/Dados/bases/SWDE/book/book-abebooks/1002.htm",BookHints provided by:
"/media/Dados/bases/SWDE/book/book-abebooks/1107.htm",BookHints provided by:
"/media/Dados/bases/SWDE/book/book-abebooks/0479.htm",BookHints provided by:
"/media/Dados/bases/SWDE/book/book-abebooks/0228.htm",BookHints provided by:
"/media/Dados/bases/SWDE/book/book-abebooks/1797.htm",BookHints provided by:
"/media/Dados/bases/SWDE/book/book-abebooks/0566.htm",BookHints provided by:
"/media/Dados/bases/SWDE/book/book-abebooks/0335.htm",BookHints provided by:
"/media/Dados/bases/SWDE/book/book-abebooks/0212.htm",BookHints provided by:
"/media/Dados/bases/SWDE/book/book-abebooks/0749.htm",BookHints provided by:
"/media/Dados/bases/SWDE/book/book-abebooks/1166.htm",BookHints provided by:
"/media/Dados/bases/SWDE/book/book-abebooks/1489.htm",BookHints provided by:
"/media/Dados/bases/SWDE/book/book-abebooks/0992.htm",BookHints provided by:
"/media/Dados/bases/SWDE/book/book-abebooks/1101.htm",BookHints provided by:
"/media/Dados/bases/SWDE/book/book-abebooks/0087.htm",BookHints provided by:
"/media/Dados/bases/SWDE/book/book-abebooks/0902.htm",BookHints provided by:
"/media/Dados/bases/SWDE/book/book-abebooks/1744.htm",BookHints provided by:
"/media/Dados/bases/SWDE/book/book-abebooks/0909.htm",BookHints provided by:
"/media/Dados/bases/SWDE/book/book-abebooks/1086.htm",BookHints provided by:
"/media/Dados/bases/SWDE/book/book-abebooks/1083.htm",BookHints provided by:
"/media/Dados/bases/SWDE/book/book-abebooks/0379.htm",BookHints provided by:
"/media/Dados/bases/SWDE/book/book-abebooks/0186.htm",BookHints provided by:
"/media/Dados/bases/SWDE/book/book-abebooks/1551.htm",BookHints provided by:
"/media/Dados/bases/SWDE/book/book-abebooks/0104.htm",BookHints provided by:
"/media/Dados/bases/SWDE/book/book-abebooks/0897.htm",BookHints provided by:
"/media/Dados/bases/SWDE/book/book-abebooks/0747.htm",BookHints provided by:
"/media/Dados/bases/SWDE/book/book-abebooks/0428.htm",BookHints provided by:
"/media/Dados/bases/SWDE/book/book-abebooks/0355.htm",BookHints provided by:
"/media/Dados/bases/SWDE/book/book-abebooks/0111.htm",BookHints provided by:
"/media/Dados/bases/SWDE/book/book-abebooks/0403.htm",BookHints provided by:
"/media/Dados/bases/SWDE/book/book-abebooks/1112.htm",BookHints provided by:
"/media/Dados/bases/SWDE/book/book-abebooks/0636.htm",BookHints provided by:
"/media/Dados/bases/SWDE/book/book-abebooks/1721.htm",BookHints provided by:
"/media/Dados/bases/SWDE/book/book-abebooks/1386.htm",BookHints provided by:
"/media/Dados/bases/SWDE/book/book-abebooks/0779.htm",BookHints provided by:
"/media/Dados/bases/SWDE/book/book-abebooks/0611.htm",BookHints provided by:
"/media/Dados/bases/SWDE/book/book-abebooks/0417.htm",BookHints provided by:
"/media/Dados/bases/SWDE/book/book-abebooks/0052.htm",BookHints provided by:
"/media/Dados/bases/SWDE/book/book-abebooks/0785.htm",BookHints provided by:
"/media/Dados/bases/SWDE/book/book-abebooks/1585.htm",BookHints provided by:
"/media/Dados/bases/SWDE/book/book-abebooks/0896.htm",BookHints provided by:
"/media/Dados/bases/SWDE/book/book-abebooks/0833.htm",BookHints provided by:
"/media/Dados/bases/SWDE/book/book-abebooks/0669.htm",BookHints provided by:
"/media/Dados/bases/SWDE/book/book-abebooks/0123.htm",BookHints provided by:
"/media/Dados/bases/SWDE/book/book-abebooks/0199.htm",BookHints provided by:
"/media/Dados/bases/SWDE/book/book-abebooks/0064.htm",BookHints provided by:
"/media/Dados/bases/SWDE/book/book-abebooks/0125.htm",BookHints provided by:
"/media/Dados/bases/SWDE/book/book-abebooks/0863.htm",BookHints provided by:
"/media/Dados/bases/SWDE/book/book-abebooks/1830.htm",BookHints provided by:
"/media/Dados/bases/SWDE/book/book-abebooks/0758.htm",BookHints provided by:
"/media/Dados/bases/SWDE/book/book-abebooks/0864.htm",BookHints provided by:
"/media/Dados/bases/SWDE/book/book-abebooks/1247.htm",BookHints provided by:
"/media/Dados/bases/SWDE/book/book-abebooks/1565.htm",BookHints provided by:
"/media/Dados/bases/SWDE/book/book-abebooks/0726.htm",BookHints provided by:
"/media/Dados/bases/SWDE/book/book-abebooks/0178.htm",BookHints provided by:
"/media/Dados/bases/SWDE/book/book-abebooks/1042.htm",BookHints provided by:
"/media/Dados/bases/SWDE/book/book-abebooks/0170.htm",BookHints provided by:
"/media/Dados/bases/SWDE/book/book-abebooks/0773.htm",BookHints provided by:
"/media/Dados/bases/SWDE/book/book-abebooks/0156.htm",BookHints provided by:
"/media/Dados/bases/SWDE/book/book-abebooks/0329.htm",BookHints provided by:
"/media/Dados/bases/SWDE/book/book-abebooks/0745.htm",BookHints provided by:
"/media/Dados/bases/SWDE/book/book-abebooks/1155.htm",BookHints provided by:
"/media/Dados/bases/SWDE/book/book-abebooks/0183.htm",BookHints provided by:
"/media/Dados/bases/SWDE/book/book-abebooks/0728.htm",BookHints provided by:
"/media/Dados/bases/SWDE/book/book-abebooks/1063.htm",BookHints provided by:
"/media/Dados/bases/SWDE/book/book-abebooks/0320.htm",BookHints provided by:
"/media/Dados/bases/SWDE/book/book-abebooks/1437.htm",BookHints provided by:
"/media/Dados/bases/SWDE/book/book-abebooks/1102.htm",BookHints provided by:
"/media/Dados/bases/SWDE/book/book-abebooks/0843.htm",BookHints provided by:
"/media/Dados/bases/SWDE/book/book-abebooks/1427.htm",BookHints provided by:
"/media/Dados/bases/SWDE/book/book-abebooks/0776.htm",BookHints provided by:
"/media/Dados/bases/SWDE/book/book-abebooks/0898.htm",BookHints provided by:
"/media/Dados/bases/SWDE/book/book-abebooks/0459.htm",BookHints provided by:
"/media/Dados/bases/SWDE/book/book-abebooks/0789.htm",BookHints provided by:
"/media/Dados/bases/SWDE/book/book-abebooks/0623.htm",BookHints provided by:
"/media/Dados/bases/SWDE/book/book-abebooks/0051.htm",BookHints provided by:
"/media/Dados/bases/SWDE/book/book-abebooks/1832.htm",BookHints provided by:
"/media/Dados/bases/SWDE/book/book-abebooks/1157.htm",BookHints provided by:
"/media/Dados/bases/SWDE/book/book-abebooks/0625.htm",BookHints provided by:
"/media/Dados/bases/SWDE/book/book-abebooks/1639.htm",BookHints provided by:
"/media/Dados/bases/SWDE/book/book-abebooks/1225.htm",BookHints provided by:
"/media/Dados/bases/SWDE/book/book-abebooks/1104.htm",BookHints provided by:
"/media/Dados/bases/SWDE/book/book-abebooks/0249.htm",BookHints provided by:
"/media/Dados/bases/SWDE/book/book-abebooks/0520.htm",BookHints provided by:
"/media/Dados/bases/SWDE/book/book-abebooks/1718.htm",BookHints provided by:
"/media/Dados/bases/SWDE/book/book-abebooks/0066.htm",BookHints provided by:
"/media/Dados/bases/SWDE/book/book-abebooks/0165.htm",BookHints provided by:
"/media/Dados/bases/SWDE/book/book-abebooks/0770.htm",BookHints provided by:
"/media/Dados/bases/SWDE/book/book-abebooks/1759.htm",BookHints provided by:
"/media/Dados/bases/SWDE/book/book-abebooks/0166.htm",BookHints provided by:
"/media/Dados/bases/SWDE/book/book-abebooks/0579.htm",BookHints provided by:
"/media/Dados/bases/SWDE/book/book-abebooks/0395.htm",BookHints provided by:
"/media/Dados/bases/SWDE/book/book-abebooks/1817.htm",BookHints provided by:
"/media/Dados/bases/SWDE/book/book-abebooks/1448.htm",BookHints provided by:
"/media/Dados/bases/SWDE/book/book-abebooks/0499.htm",BookHints provided by:
"/media/Dados/bases/SWDE/book/book-abebooks/0274.htm",BookHints provided by:
"/media/Dados/bases/SWDE/book/book-abebooks/1643.htm",BookHints provided by:
"/media/Dados/bases/SWDE/book/book-abebooks/1626.htm",BookHints provided by:
"/media/Dados/bases/SWDE/book/book-abebooks/0443.htm",BookHints provided by:
"/media/Dados/bases/SWDE/book/book-abebooks/1171.htm",BookHints provided by:
"/media/Dados/bases/SWDE/book/book-abebooks/1547.htm",BookHints provided by:
"/media/Dados/bases/SWDE/book/book-abebooks/0155.htm",BookHints provided by:
"/media/Dados/bases/SWDE/book/book-abebooks/0783.htm",BookHints provided by:
"/media/Dados/bases/SWDE/book/book-abebooks/1136.htm",BookHints provided by:
"/media/Dados/bases/SWDE/book/book-abebooks/1622.htm",BookHints provided by:
"/media/Dados/bases/SWDE/book/book-abebooks/0478.htm",BookHints provided by:
"/media/Dados/bases/SWDE/book/book-abebooks/1106.htm",BookHints provided by:
"/media/Dados/bases/SWDE/book/book-abebooks/0109.htm",BookHints provided by:
"/media/Dados/bases/SWDE/book/book-abebooks/1815.htm",BookHints provided by:
"/media/Dados/bases/SWDE/book/book-abebooks/0701.htm",BookHints provided by:
"/media/Dados/bases/SWDE/book/book-abebooks/0727.htm",BookHints provided by:
"/media/Dados/bases/SWDE/book/book-abebooks/0740.htm",BookHints provided by:
"/media/Dados/bases/SWDE/book/book-abebooks/0574.htm",BookHints provided by:
"/media/Dados/bases/SWDE/book/book-abebooks/1652.htm",BookHints provided by:
"/media/Dados/bases/SWDE/book/book-abebooks/1376.htm",BookHints provided by:
"/media/Dados/bases/SWDE/book/book-abebooks/1446.htm",BookHints provided by:
"/media/Dados/bases/SWDE/book/book-abebooks/0795.htm",BookHints provided by:
"/media/Dados/bases/SWDE/book/book-abebooks/0689.htm",BookHints provided by:
"/media/Dados/bases/SWDE/book/book-abebooks/0122.htm",BookHints provided by:
"/media/Dados/bases/SWDE/book/book-abebooks/1006.htm",BookHints provided by:
"/media/Dados/bases/SWDE/book/book-abebooks/1523.htm",BookHints provided by:
"/media/Dados/bases/SWDE/book/book-abebooks/1845.htm",BookHints provided by:
"/media/Dados/bases/SWDE/book/book-abebooks/0973.htm",BookHints provided by:
"/media/Dados/bases/SWDE/book/book-abebooks/0279.htm",BookHints provided by:
"/media/Dados/bases/SWDE/book/book-abebooks/1219.htm",BookHints provided by:
"/media/Dados/bases/SWDE/book/book-abebooks/1168.htm",BookHints provided by:
"/media/Dados/bases/SWDE/book/book-abebooks/1285.htm",BookHints provided by:
"/media/Dados/bases/SWDE/book/book-abebooks/0142.htm",BookHints provided by:
"/media/Dados/bases/SWDE/book/book-abebooks/1482.htm",BookHints provided by:
"/media/Dados/bases/SWDE/book/book-abebooks/1945.htm",BookHints provided by:
"/media/Dados/bases/SWDE/book/book-abebooks/1535.htm",BookHints provided by:
"/media/Dados/bases/SWDE/book/book-abebooks/1889.htm",BookHints provided by:
"/media/Dados/bases/SWDE/book/book-abebooks/0316.htm",BookHints provided by:
"/media/Dados/bases/SWDE/book/book-abebooks/0734.htm",BookHints provided by:
"/media/Dados/bases/SWDE/book/book-abebooks/0751.htm",BookHints provided by:
"/media/Dados/bases/SWDE/book/book-abebooks/1866.htm",BookHints provided by:
"/media/Dados/bases/SWDE/book/book-abebooks/1602.htm",BookHints provided by:
"/media/Dados/bases/SWDE/book/book-abebooks/0729.htm",BookHints provided by:
"/media/Dados/bases/SWDE/book/book-abebooks/0260.htm",BookHints provided by:
"/media/Dados/bases/SWDE/book/book-abebooks/1810.htm",BookHints provided by:
"/media/Dados/bases/SWDE/book/book-abebooks/1152.htm",BookHints provided by:
"/media/Dados/bases/SWDE/book/book-abebooks/1912.htm",BookHints provided by:
"/media/Dados/bases/SWDE/book/book-abebooks/0670.htm",BookHints provided by:
"/media/Dados/bases/SWDE/book/book-abebooks/1476.htm",BookHints provided by:
"/media/Dados/bases/SWDE/book/book-abebooks/0971.htm",BookHints provided by:
"/media/Dados/bases/SWDE/book/book-abebooks/0432.htm",BookHints provided by:
"/media/Dados/bases/SWDE/book/book-abebooks/1475.htm",BookHints provided by:
"/media/Dados/bases/SWDE/book/book-abebooks/1561.htm",BookHints provided by:
"/media/Dados/bases/SWDE/book/book-abebooks/0700.htm",BookHints provided by:
"/media/Dados/bases/SWDE/book/book-abebooks/0847.htm",BookHints provided by:
"/media/Dados/bases/SWDE/book/book-abebooks/0621.htm",BookHints provided by:
"/media/Dados/bases/SWDE/book/book-abebooks/0250.htm",BookHints provided by:
"/media/Dados/bases/SWDE/book/book-abebooks/0508.htm",BookHints provided by:
"/media/Dados/bases/SWDE/book/book-abebooks/0668.htm",BookHints provided by:
"/media/Dados/bases/SWDE/book/book-abebooks/0781.htm",BookHints provided by:
"/media/Dados/bases/SWDE/book/book-abebooks/0079.htm",BookHints provided by:
"/media/Dados/bases/SWDE/book/book-abebooks/1758.htm",BookHints provided by:
"/media/Dados/bases/SWDE/book/book-abebooks/1478.htm",BookHints provided by:
"/media/Dados/bases/SWDE/book/book-abebooks/0251.htm",BookHints provided by:
"/media/Dados/bases/SWDE/book/book-abebooks/1636.htm",BookHints provided by:
"/media/Dados/bases/SWDE/book/book-abebooks/1601.htm",BookHints provided by:
"/media/Dados/bases/SWDE/book/book-abebooks/1175.htm",BookHints provided by:
"/media/Dados/bases/SWDE/book/book-abebooks/1295.htm",BookHints provided by:
"/media/Dados/bases/SWDE/book/book-abebooks/0440.htm",BookHints provided by:
"/media/Dados/bases/SWDE/book/book-abebooks/1082.htm",BookHints provided by:
"/media/Dados/bases/SWDE/book/book-abebooks/0486.htm",BookHints provided by:
"/media/Dados/bases/SWDE/book/book-abebooks/0665.htm",BookHints provided by:
"/media/Dados/bases/SWDE/book/book-abebooks/0059.htm",BookHints provided by:
"/media/Dados/bases/SWDE/book/book-abebooks/0774.htm",BookHints provided by:
"/media/Dados/bases/SWDE/book/book-abebooks/1811.htm",BookHints provided by:
"/media/Dados/bases/SWDE/book/book-abebooks/0722.htm",BookHints provided by:
"/media/Dados/bases/SWDE/book/book-abebooks/0760.htm",BookHints provided by:
"/media/Dados/bases/SWDE/book/book-abebooks/0246.htm",BookHints provided by:
"/media/Dados/bases/SWDE/book/book-abebooks/0893.htm",BookHints provided by:
"/media/Dados/bases/SWDE/book/book-abebooks/1914.htm",BookHints provided by:
"/media/Dados/bases/SWDE/book/book-abebooks/1235.htm",BookHints provided by:
"/media/Dados/bases/SWDE/book/book-abebooks/1611.htm",BookHints provided by:
"/media/Dados/bases/SWDE/book/book-abebooks/0651.htm",BookHints provided by:
"/media/Dados/bases/SWDE/book/book-abebooks/0112.htm",BookHints provided by:
"/media/Dados/bases/SWDE/book/book-abebooks/1246.htm",BookHints provided by:
"/media/Dados/bases/SWDE/book/book-abebooks/1252.htm",BookHints provided by:
"/media/Dados/bases/SWDE/book/book-abebooks/1609.htm",BookHints provided by:
"/media/Dados/bases/SWDE/book/book-abebooks/1927.htm",BookHints provided by:
"/media/Dados/bases/SWDE/book/book-abebooks/1492.htm",BookHints provided by:
"/media/Dados/bases/SWDE/book/book-abebooks/1804.htm",BookHints provided by:
"/media/Dados/bases/SWDE/book/book-abebooks/1366.htm",BookHints provided by:
"/media/Dados/bases/SWDE/book/book-abebooks/0941.htm",BookHints provided by:
"/media/Dados/bases/SWDE/book/book-abebooks/0257.htm",BookHints provided by:
"/media/Dados/bases/SWDE/book/book-abebooks/0852.htm",BookHints provided by:
"/media/Dados/bases/SWDE/book/book-abebooks/1795.htm",BookHints provided by:
"/media/Dados/bases/SWDE/book/book-abebooks/1272.htm",BookHints provided by:
"/media/Dados/bases/SWDE/book/book-abebooks/0824.htm",BookHints provided by:
"/media/Dados/bases/SWDE/book/book-abebooks/0662.htm",BookHints provided by:
"/media/Dados/bases/SWDE/book/book-abebooks/0730.htm",BookHints provided by:
"/media/Dados/bases/SWDE/book/book-abebooks/0471.htm",BookHints provided by:
"/media/Dados/bases/SWDE/book/book-abebooks/0799.htm",BookHints provided by:
"/media/Dados/bases/SWDE/book/book-abebooks/0300.htm",BookHints provided by:
"/media/Dados/bases/SWDE/book/book-abebooks/1586.htm",BookHints provided by:
"/media/Dados/bases/SWDE/book/book-abebooks/0565.htm",BookHints provided by:
"/media/Dados/bases/SWDE/book/book-abebooks/0315.htm",BookHints provided by:
"/media/Dados/bases/SWDE/book/book-abebooks/1091.htm",BookHints provided by:
"/media/Dados/bases/SWDE/book/book-abebooks/0091.htm",BookHints provided by:
"/media/Dados/bases/SWDE/book/book-abebooks/0295.htm",BookHints provided by:
"/media/Dados/bases/SWDE/book/book-abebooks/0953.htm",BookHints provided by:
"/media/Dados/bases/SWDE/book/book-abebooks/1506.htm",BookHints provided by:
"/media/Dados/bases/SWDE/book/book-abebooks/0292.htm",BookHints provided by:
"/media/Dados/bases/SWDE/book/book-abebooks/1012.htm",BookHints provided by:
"/media/Dados/bases/SWDE/book/book-abebooks/1468.htm",BookHints provided by:
"/media/Dados/bases/SWDE/book/book-abebooks/0460.htm",BookHints provided by:
"/media/Dados/bases/SWDE/book/book-abebooks/0400.htm",BookHints provided by:
"/media/Dados/bases/SWDE/book/book-abebooks/0318.htm",BookHints provided by:
"/media/Dados/bases/SWDE/book/book-abebooks/1684.htm",BookHints provided by:
"/media/Dados/bases/SWDE/book/book-abebooks/1746.htm",BookHints provided by:
"/media/Dados/bases/SWDE/book/book-abebooks/1337.htm",BookHints provided by:
"/media/Dados/bases/SWDE/book/book-abebooks/1234.htm",BookHints provided by:
"/media/Dados/bases/SWDE/book/book-abebooks/1011.htm",BookHints provided by:
"/media/Dados/bases/SWDE/book/book-abebooks/1100.htm",BookHints provided by:
"/media/Dados/bases/SWDE/book/book-abebooks/1176.htm",BookHints provided by:
"/media/Dados/bases/SWDE/book/book-abebooks/1466.htm",BookHints provided by:
"/media/Dados/bases/SWDE/book/book-abebooks/1792.htm",BookHints provided by:
"/media/Dados/bases/SWDE/book/book-abebooks/1508.htm",BookHints provided by:
"/media/Dados/bases/SWDE/book/book-abebooks/0801.htm",BookHints provided by:
"/media/Dados/bases/SWDE/book/book-abebooks/1472.htm",BookHints provided by:
"/media/Dados/bases/SWDE/book/book-abebooks/0829.htm",BookHints provided by:
"/media/Dados/bases/SWDE/book/book-abebooks/1769.htm",BookHints provided by:
"/media/Dados/bases/SWDE/book/book-abebooks/1750.htm",BookHints provided by:
"/media/Dados/bases/SWDE/book/book-abebooks/0357.htm",BookHints provided by:
"/media/Dados/bases/SWDE/book/book-abebooks/1111.htm",BookHints provided by:
"/media/Dados/bases/SWDE/book/book-abebooks/0831.htm",BookHints provided by:
"/media/Dados/bases/SWDE/book/book-abebooks/1683.htm",BookHints provided by:
"/media/Dados/bases/SWDE/book/book-abebooks/1455.htm",BookHints provided by:
"/media/Dados/bases/SWDE/book/book-abebooks/0264.htm",BookHints provided by:
"/media/Dados/bases/SWDE/book/book-abebooks/0748.htm",BookHints provided by:
"/media/Dados/bases/SWDE/book/book-abebooks/1782.htm",BookHints provided by:
"/media/Dados/bases/SWDE/book/book-abebooks/0296.htm",BookHints provided by:
"/media/Dados/bases/SWDE/book/book-abebooks/0612.htm",BookHints provided by:
"/media/Dados/bases/SWDE/book/book-abebooks/0361.htm",BookHints provided by:
"/media/Dados/bases/SWDE/book/book-abebooks/1529.htm",BookHints provided by:
"/media/Dados/bases/SWDE/book/book-abebooks/1109.htm",BookHints provided by:
"/media/Dados/bases/SWDE/book/book-abebooks/0851.htm",BookHints provided by:
"/media/Dados/bases/SWDE/book/book-abebooks/1158.htm",BookHints provided by:
"/media/Dados/bases/SWDE/book/book-abebooks/0592.htm",BookHints provided by:
"/media/Dados/bases/SWDE/book/book-abebooks/1873.htm",BookHints provided by:
"/media/Dados/bases/SWDE/book/book-abebooks/0586.htm",BookHints provided by:
"/media/Dados/bases/SWDE/book/book-abebooks/0602.htm",BookHints provided by:
"/media/Dados/bases/SWDE/book/book-abebooks/1800.htm",BookHints provided by:
"/media/Dados/bases/SWDE/book/book-abebooks/1754.htm",BookHints provided by:
"/media/Dados/bases/SWDE/book/book-abebooks/1667.htm",BookHints provided by:
"/media/Dados/bases/SWDE/book/book-abebooks/1051.htm",BookHints provided by:
"/media/Dados/bases/SWDE/book/book-abebooks/0376.htm",BookHints provided by:
"/media/Dados/bases/SWDE/book/book-abebooks/1216.htm",BookHints provided by:
"/media/Dados/bases/SWDE/book/book-abebooks/1576.htm",BookHints provided by:
"/media/Dados/bases/SWDE/book/book-abebooks/1801.htm",BookHints provided by:
"/media/Dados/bases/SWDE/book/book-abebooks/1222.htm",BookHints provided by:
"/media/Dados/bases/SWDE/book/book-abebooks/0048.htm",BookHints provided by:
"/media/Dados/bases/SWDE/book/book-abebooks/0578.htm",BookHints provided by:
"/media/Dados/bases/SWDE/book/book-abebooks/0802.htm",BookHints provided by:
"/media/Dados/bases/SWDE/book/book-abebooks/1169.htm",BookHints provided by:
"/media/Dados/bases/SWDE/book/book-abebooks/0780.htm",BookHints provided by:
"/media/Dados/bases/SWDE/book/book-abebooks/0505.htm",BookHints provided by:
"/media/Dados/bases/SWDE/book/book-abebooks/0261.htm",BookHints provided by:
"/media/Dados/bases/SWDE/book/book-abebooks/1645.htm",BookHints provided by:
