URL,EXTRACTED VALUE
"/media/Dados/bases/SWDE/job/job-hotjobs/0794.htm",Recommend and implement changes to the overall system and network environments through following an institutionalized change management process.
