URL,EXTRACTED VALUE
"/media/Dados/bases/SWDE/job/job-hotjobs/1218.htm",View UPS profile and job listings
"/media/Dados/bases/SWDE/job/job-hotjobs/0905.htm",View CyberCoders profile and job listings
"/media/Dados/bases/SWDE/job/job-hotjobs/1481.htm",View CyberCoders profile and job listings
"/media/Dados/bases/SWDE/job/job-hotjobs/1094.htm",View CyberCoders profile and job listings
"/media/Dados/bases/SWDE/job/job-hotjobs/0206.htm","View Professional Placement Associates, Inc. profile and job listings"
"/media/Dados/bases/SWDE/job/job-hotjobs/0276.htm",View Pitney Bowes profile and job listings
"/media/Dados/bases/SWDE/job/job-hotjobs/1424.htm",View Splunk profile and job listings
"/media/Dados/bases/SWDE/job/job-hotjobs/1000.htm",View CyberCoders profile and job listings
"/media/Dados/bases/SWDE/job/job-hotjobs/0770.htm","View ACS, A Xerox Company profile and job listings"
"/media/Dados/bases/SWDE/job/job-hotjobs/1052.htm",View CyberCoders profile and job listings
"/media/Dados/bases/SWDE/job/job-hotjobs/1502.htm",View CyberCoders profile and job listings
"/media/Dados/bases/SWDE/job/job-hotjobs/0437.htm",View NVIDIA Corporation profile and job listings
"/media/Dados/bases/SWDE/job/job-hotjobs/1648.htm",View Sophelle profile and job listings
"/media/Dados/bases/SWDE/job/job-hotjobs/1523.htm",View CyberCoders profile and job listings
"/media/Dados/bases/SWDE/job/job-hotjobs/1214.htm",View Cisco profile and job listings
"/media/Dados/bases/SWDE/job/job-hotjobs/0448.htm","View Palm, Inc. profile and job listings"
"/media/Dados/bases/SWDE/job/job-hotjobs/1045.htm",View CyberCoders profile and job listings
"/media/Dados/bases/SWDE/job/job-hotjobs/0195.htm",View Manytomany Test profile and job listings
"/media/Dados/bases/SWDE/job/job-hotjobs/0625.htm","View ACS, A Xerox Company profile and job listings"
"/media/Dados/bases/SWDE/job/job-hotjobs/1707.htm",View CyberCoders profile and job listings
"/media/Dados/bases/SWDE/job/job-hotjobs/0373.htm","View ACS, A Xerox Company profile and job listings"
"/media/Dados/bases/SWDE/job/job-hotjobs/0363.htm",View TechProse profile and job listings
"/media/Dados/bases/SWDE/job/job-hotjobs/0705.htm",View AT&T profile and job listings
"/media/Dados/bases/SWDE/job/job-hotjobs/1034.htm",View CyberCoders profile and job listings
"/media/Dados/bases/SWDE/job/job-hotjobs/0515.htm",View Source Inc. profile and job listings
"/media/Dados/bases/SWDE/job/job-hotjobs/1685.htm",View CyberCoders profile and job listings
"/media/Dados/bases/SWDE/job/job-hotjobs/0841.htm","View DIVERSANT, LLC profile and job listings"
"/media/Dados/bases/SWDE/job/job-hotjobs/1936.htm",View Qualcomm profile and job listings
"/media/Dados/bases/SWDE/job/job-hotjobs/0171.htm",View Zenex Partners profile and job listings
"/media/Dados/bases/SWDE/job/job-hotjobs/1664.htm",View CyberCoders profile and job listings
"/media/Dados/bases/SWDE/job/job-hotjobs/0479.htm",View LabCorp profile and job listings
"/media/Dados/bases/SWDE/job/job-hotjobs/1517.htm",View CyberCoders profile and job listings
"/media/Dados/bases/SWDE/job/job-hotjobs/1106.htm",View CyberCoders profile and job listings
"/media/Dados/bases/SWDE/job/job-hotjobs/1252.htm",View CyberCoders profile and job listings
"/media/Dados/bases/SWDE/job/job-hotjobs/0125.htm",View Volt Workforce Solutions profile and job listings
"/media/Dados/bases/SWDE/job/job-hotjobs/1066.htm",View CyberCoders profile and job listings
"/media/Dados/bases/SWDE/job/job-hotjobs/0857.htm",View Talbridge Limited profile and job listings
"/media/Dados/bases/SWDE/job/job-hotjobs/0848.htm",View Trend Micro Inc. profile and job listings
"/media/Dados/bases/SWDE/job/job-hotjobs/1938.htm",View Qualcomm profile and job listings
"/media/Dados/bases/SWDE/job/job-hotjobs/1722.htm",View CyberCoders profile and job listings
"/media/Dados/bases/SWDE/job/job-hotjobs/1416.htm",View CyberCoders profile and job listings
"/media/Dados/bases/SWDE/job/job-hotjobs/1282.htm",View CyberCoders profile and job listings
"/media/Dados/bases/SWDE/job/job-hotjobs/1759.htm",View CyberCoders profile and job listings
"/media/Dados/bases/SWDE/job/job-hotjobs/1294.htm",View CyberCoders profile and job listings
"/media/Dados/bases/SWDE/job/job-hotjobs/0994.htm",View CyberCoders profile and job listings
"/media/Dados/bases/SWDE/job/job-hotjobs/0609.htm",View Worldwide TechServices profile and job listings
"/media/Dados/bases/SWDE/job/job-hotjobs/0887.htm",View CyberCoders profile and job listings
"/media/Dados/bases/SWDE/job/job-hotjobs/1901.htm",View CyberCoders profile and job listings
"/media/Dados/bases/SWDE/job/job-hotjobs/1114.htm",View CyberCoders profile and job listings
"/media/Dados/bases/SWDE/job/job-hotjobs/1701.htm",View CyberCoders profile and job listings
"/media/Dados/bases/SWDE/job/job-hotjobs/0292.htm",View AT&T profile and job listings
"/media/Dados/bases/SWDE/job/job-hotjobs/0697.htm",View Pitney Bowes profile and job listings
"/media/Dados/bases/SWDE/job/job-hotjobs/1073.htm",View CyberCoders profile and job listings
"/media/Dados/bases/SWDE/job/job-hotjobs/0758.htm",View Capital Markets Placement profile and job listings
"/media/Dados/bases/SWDE/job/job-hotjobs/1190.htm",View CyberCoders profile and job listings
"/media/Dados/bases/SWDE/job/job-hotjobs/0879.htm",View Company Confidential profile and job listings
"/media/Dados/bases/SWDE/job/job-hotjobs/1773.htm",View CyberCoders profile and job listings
"/media/Dados/bases/SWDE/job/job-hotjobs/1822.htm",View CyberCoders profile and job listings
"/media/Dados/bases/SWDE/job/job-hotjobs/0349.htm",View Volt Workforce Solutions profile and job listings
"/media/Dados/bases/SWDE/job/job-hotjobs/0885.htm",View CyberCoders profile and job listings
"/media/Dados/bases/SWDE/job/job-hotjobs/1908.htm",View Huawei Technologies profile and job listings
"/media/Dados/bases/SWDE/job/job-hotjobs/1765.htm",View Blue Shield of California profile and job listings
"/media/Dados/bases/SWDE/job/job-hotjobs/1905.htm",View Huawei Technologies profile and job listings
"/media/Dados/bases/SWDE/job/job-hotjobs/0113.htm",View Goodyear profile and job listings
"/media/Dados/bases/SWDE/job/job-hotjobs/0505.htm","View ACS, A Xerox Company profile and job listings"
"/media/Dados/bases/SWDE/job/job-hotjobs/1189.htm",View CyberCoders profile and job listings
"/media/Dados/bases/SWDE/job/job-hotjobs/1744.htm",View CyberCoders profile and job listings
"/media/Dados/bases/SWDE/job/job-hotjobs/0570.htm",View Fossil Partners LP profile and job listings
"/media/Dados/bases/SWDE/job/job-hotjobs/1562.htm",View CyberCoders profile and job listings
"/media/Dados/bases/SWDE/job/job-hotjobs/0411.htm","View C2 Portfolio Essentials, Inc. profile and job listings"
"/media/Dados/bases/SWDE/job/job-hotjobs/0380.htm",View Holy Rosary Healthcare profile and job listings
"/media/Dados/bases/SWDE/job/job-hotjobs/0379.htm","View ACS, A Xerox Company profile and job listings"
"/media/Dados/bases/SWDE/job/job-hotjobs/0487.htm",View Ascendum profile and job listings
"/media/Dados/bases/SWDE/job/job-hotjobs/0606.htm","View Power Integrations, Inc. profile and job listings"
"/media/Dados/bases/SWDE/job/job-hotjobs/1182.htm",View CyberCoders profile and job listings
"/media/Dados/bases/SWDE/job/job-hotjobs/0797.htm",View Life Technologies profile and job listings
"/media/Dados/bases/SWDE/job/job-hotjobs/1372.htm",View CyberCoders profile and job listings
"/media/Dados/bases/SWDE/job/job-hotjobs/1251.htm",View CyberCoders profile and job listings
"/media/Dados/bases/SWDE/job/job-hotjobs/0898.htm",View CyberCoders profile and job listings
"/media/Dados/bases/SWDE/job/job-hotjobs/1277.htm",View CyberCoders profile and job listings
"/media/Dados/bases/SWDE/job/job-hotjobs/1395.htm",View CyberCoders profile and job listings
"/media/Dados/bases/SWDE/job/job-hotjobs/0839.htm",View Synergy America profile and job listings
"/media/Dados/bases/SWDE/job/job-hotjobs/0064.htm",View Thor Group profile and job listings
"/media/Dados/bases/SWDE/job/job-hotjobs/0187.htm",View Springer Science + Business Media profile and job listings
"/media/Dados/bases/SWDE/job/job-hotjobs/1351.htm",View CyberCoders profile and job listings
"/media/Dados/bases/SWDE/job/job-hotjobs/1050.htm",View CyberCoders profile and job listings
"/media/Dados/bases/SWDE/job/job-hotjobs/1315.htm",View NVIDIA Corporation profile and job listings
"/media/Dados/bases/SWDE/job/job-hotjobs/0734.htm",View Company Confidential profile and job listings
"/media/Dados/bases/SWDE/job/job-hotjobs/0145.htm","View ACS, A Xerox Company profile and job listings"
"/media/Dados/bases/SWDE/job/job-hotjobs/1556.htm",View CyberCoders profile and job listings
"/media/Dados/bases/SWDE/job/job-hotjobs/1148.htm",View CyberCoders profile and job listings
"/media/Dados/bases/SWDE/job/job-hotjobs/1201.htm",View Broadcom profile and job listings
"/media/Dados/bases/SWDE/job/job-hotjobs/1016.htm",View Anchor Staffing profile and job listings
"/media/Dados/bases/SWDE/job/job-hotjobs/0392.htm",View TECHEXPO Hiring Events profile and job listings
"/media/Dados/bases/SWDE/job/job-hotjobs/1417.htm","View Autonomy, Inc. profile and job listings"
"/media/Dados/bases/SWDE/job/job-hotjobs/0835.htm",View Koa Networks profile and job listings
"/media/Dados/bases/SWDE/job/job-hotjobs/1479.htm",View CyberCoders profile and job listings
"/media/Dados/bases/SWDE/job/job-hotjobs/1612.htm",View CyberCoders profile and job listings
"/media/Dados/bases/SWDE/job/job-hotjobs/1731.htm",View CyberCoders profile and job listings
"/media/Dados/bases/SWDE/job/job-hotjobs/1788.htm",View CyberCoders profile and job listings
"/media/Dados/bases/SWDE/job/job-hotjobs/1327.htm",View CyberCoders profile and job listings
"/media/Dados/bases/SWDE/job/job-hotjobs/0511.htm",View Worldwide TechServices profile and job listings
"/media/Dados/bases/SWDE/job/job-hotjobs/1419.htm","View Acentron, Inc profile and job listings"
"/media/Dados/bases/SWDE/job/job-hotjobs/1008.htm",View CyberCoders profile and job listings
"/media/Dados/bases/SWDE/job/job-hotjobs/0305.htm",View Actuate Corporation profile and job listings
"/media/Dados/bases/SWDE/job/job-hotjobs/1048.htm",View CyberCoders profile and job listings
"/media/Dados/bases/SWDE/job/job-hotjobs/0175.htm",View Madison Square Garden profile and job listings
"/media/Dados/bases/SWDE/job/job-hotjobs/1404.htm",View CyberCoders profile and job listings
"/media/Dados/bases/SWDE/job/job-hotjobs/1079.htm",View CyberCoders profile and job listings
"/media/Dados/bases/SWDE/job/job-hotjobs/0934.htm",View CyberCoders profile and job listings
"/media/Dados/bases/SWDE/job/job-hotjobs/1835.htm",View CyberCoders profile and job listings
"/media/Dados/bases/SWDE/job/job-hotjobs/1958.htm","View Palm, Inc. profile and job listings"
"/media/Dados/bases/SWDE/job/job-hotjobs/1264.htm",View CyberCoders profile and job listings
"/media/Dados/bases/SWDE/job/job-hotjobs/0340.htm",View TechProse profile and job listings
"/media/Dados/bases/SWDE/job/job-hotjobs/0560.htm",View Express Employment Professionals Campbell profile and job listings
"/media/Dados/bases/SWDE/job/job-hotjobs/0069.htm","View ACS, A Xerox Company profile and job listings"
"/media/Dados/bases/SWDE/job/job-hotjobs/1814.htm",View CyberCoders profile and job listings
"/media/Dados/bases/SWDE/job/job-hotjobs/1445.htm",View CyberCoders profile and job listings
"/media/Dados/bases/SWDE/job/job-hotjobs/1076.htm",View CyberCoders profile and job listings
"/media/Dados/bases/SWDE/job/job-hotjobs/1410.htm",View CyberCoders profile and job listings
"/media/Dados/bases/SWDE/job/job-hotjobs/1883.htm",View CyberCoders profile and job listings
"/media/Dados/bases/SWDE/job/job-hotjobs/1021.htm",View Anixter Inc. profile and job listings
"/media/Dados/bases/SWDE/job/job-hotjobs/1886.htm",View CyberCoders profile and job listings
"/media/Dados/bases/SWDE/job/job-hotjobs/0266.htm",View Worldwide TechServices profile and job listings
"/media/Dados/bases/SWDE/job/job-hotjobs/0604.htm","View KT Consulting, Inc. profile and job listings"
"/media/Dados/bases/SWDE/job/job-hotjobs/1708.htm",View CyberCoders profile and job listings
"/media/Dados/bases/SWDE/job/job-hotjobs/0536.htm",View Opal Soft profile and job listings
"/media/Dados/bases/SWDE/job/job-hotjobs/1849.htm",View CyberCoders profile and job listings
"/media/Dados/bases/SWDE/job/job-hotjobs/1042.htm",View CyberCoders profile and job listings
"/media/Dados/bases/SWDE/job/job-hotjobs/0320.htm",View Adobe Systems profile and job listings
"/media/Dados/bases/SWDE/job/job-hotjobs/0872.htm",View UNC Health Care profile and job listings
"/media/Dados/bases/SWDE/job/job-hotjobs/0611.htm","View JK Group, Inc. profile and job listings"
"/media/Dados/bases/SWDE/job/job-hotjobs/0281.htm",View Volt Workforce Solutions profile and job listings
"/media/Dados/bases/SWDE/job/job-hotjobs/0157.htm",View Volt Workforce Solutions profile and job listings
"/media/Dados/bases/SWDE/job/job-hotjobs/0186.htm",View Capital Markets Placement profile and job listings
"/media/Dados/bases/SWDE/job/job-hotjobs/1921.htm",View Pitney Bowes profile and job listings
"/media/Dados/bases/SWDE/job/job-hotjobs/0783.htm",View AEROTECH profile and job listings
"/media/Dados/bases/SWDE/job/job-hotjobs/1683.htm",View CyberCoders profile and job listings
"/media/Dados/bases/SWDE/job/job-hotjobs/0297.htm",View Volt Workforce Solutions profile and job listings
"/media/Dados/bases/SWDE/job/job-hotjobs/0107.htm",View Horace Mann profile and job listings
"/media/Dados/bases/SWDE/job/job-hotjobs/0860.htm",View Worldwide TechServices profile and job listings
"/media/Dados/bases/SWDE/job/job-hotjobs/0378.htm",View Project One Inc. profile and job listings
"/media/Dados/bases/SWDE/job/job-hotjobs/1037.htm",View CyberCoders profile and job listings
"/media/Dados/bases/SWDE/job/job-hotjobs/1919.htm",View Providence Health and Services profile and job listings
"/media/Dados/bases/SWDE/job/job-hotjobs/1637.htm",View CyberCoders profile and job listings
"/media/Dados/bases/SWDE/job/job-hotjobs/0851.htm",View CedarCrestone profile and job listings
"/media/Dados/bases/SWDE/job/job-hotjobs/1763.htm",View Google Inc. profile and job listings
"/media/Dados/bases/SWDE/job/job-hotjobs/1794.htm",View CyberCoders profile and job listings
"/media/Dados/bases/SWDE/job/job-hotjobs/1471.htm",View CyberCoders profile and job listings
"/media/Dados/bases/SWDE/job/job-hotjobs/0749.htm",View LeapFrog profile and job listings
"/media/Dados/bases/SWDE/job/job-hotjobs/1894.htm",View CyberCoders profile and job listings
"/media/Dados/bases/SWDE/job/job-hotjobs/0049.htm",View Worldwide TechServices profile and job listings
"/media/Dados/bases/SWDE/job/job-hotjobs/0585.htm","View Techlink, Inc. profile and job listings"
"/media/Dados/bases/SWDE/job/job-hotjobs/0072.htm","View ACS, A Xerox Company profile and job listings"
"/media/Dados/bases/SWDE/job/job-hotjobs/1977.htm",View St. Louis Symphony profile and job listings
"/media/Dados/bases/SWDE/job/job-hotjobs/1287.htm",View CyberCoders profile and job listings
"/media/Dados/bases/SWDE/job/job-hotjobs/1436.htm",View CyberCoders profile and job listings
"/media/Dados/bases/SWDE/job/job-hotjobs/1457.htm",View CyberCoders profile and job listings
"/media/Dados/bases/SWDE/job/job-hotjobs/0418.htm","View ACS, A Xerox Company profile and job listings"
"/media/Dados/bases/SWDE/job/job-hotjobs/1495.htm",View CyberCoders profile and job listings
"/media/Dados/bases/SWDE/job/job-hotjobs/1520.htm",View Google Inc. profile and job listings
"/media/Dados/bases/SWDE/job/job-hotjobs/1265.htm",View CyberCoders profile and job listings
"/media/Dados/bases/SWDE/job/job-hotjobs/0337.htm",View Zenex Partners profile and job listings
"/media/Dados/bases/SWDE/job/job-hotjobs/0959.htm",View CyberCoders profile and job listings
"/media/Dados/bases/SWDE/job/job-hotjobs/1353.htm",View CyberCoders profile and job listings
"/media/Dados/bases/SWDE/job/job-hotjobs/0018.htm",View Emory Healthcare profile and job listings
"/media/Dados/bases/SWDE/job/job-hotjobs/1237.htm",View CyberCoders profile and job listings
"/media/Dados/bases/SWDE/job/job-hotjobs/0678.htm",View Ketchum Public Relations profile and job listings
"/media/Dados/bases/SWDE/job/job-hotjobs/0704.htm",View A Prime Solution profile and job listings
"/media/Dados/bases/SWDE/job/job-hotjobs/1235.htm",View CyberCoders profile and job listings
"/media/Dados/bases/SWDE/job/job-hotjobs/1426.htm",View Green Key Resources LLC profile and job listings
"/media/Dados/bases/SWDE/job/job-hotjobs/1412.htm",View Google Inc. profile and job listings
"/media/Dados/bases/SWDE/job/job-hotjobs/1854.htm",View Modicom profile and job listings
"/media/Dados/bases/SWDE/job/job-hotjobs/0995.htm",View CyberCoders profile and job listings
"/media/Dados/bases/SWDE/job/job-hotjobs/0670.htm",View Goodtracks profile and job listings
"/media/Dados/bases/SWDE/job/job-hotjobs/0458.htm","View David R. McGeorge Car Co., Inc. profile and job listings"
"/media/Dados/bases/SWDE/job/job-hotjobs/0981.htm",View CyberCoders profile and job listings
"/media/Dados/bases/SWDE/job/job-hotjobs/0326.htm",View Pitney Bowes profile and job listings
"/media/Dados/bases/SWDE/job/job-hotjobs/0653.htm",View Advantage Technical Resourcing profile and job listings
"/media/Dados/bases/SWDE/job/job-hotjobs/1832.htm",View CyberCoders profile and job listings
"/media/Dados/bases/SWDE/job/job-hotjobs/0801.htm",View Baytech Solutions profile and job listings
"/media/Dados/bases/SWDE/job/job-hotjobs/1271.htm",View CyberCoders profile and job listings
"/media/Dados/bases/SWDE/job/job-hotjobs/0719.htm",View Terran Systems profile and job listings
"/media/Dados/bases/SWDE/job/job-hotjobs/0963.htm",View CyberCoders profile and job listings
"/media/Dados/bases/SWDE/job/job-hotjobs/0209.htm",View ZanderMax Technologies profile and job listings
"/media/Dados/bases/SWDE/job/job-hotjobs/1777.htm",View CyberCoders profile and job listings
"/media/Dados/bases/SWDE/job/job-hotjobs/1691.htm",View CyberCoders profile and job listings
"/media/Dados/bases/SWDE/job/job-hotjobs/0150.htm",View Hynes and Company profile and job listings
"/media/Dados/bases/SWDE/job/job-hotjobs/0303.htm",View Broadcom profile and job listings
"/media/Dados/bases/SWDE/job/job-hotjobs/1408.htm",View CyberCoders profile and job listings
"/media/Dados/bases/SWDE/job/job-hotjobs/1230.htm",View CyberCoders profile and job listings
"/media/Dados/bases/SWDE/job/job-hotjobs/1844.htm",View CyberCoders profile and job listings
"/media/Dados/bases/SWDE/job/job-hotjobs/0143.htm",View American Water Company profile and job listings
"/media/Dados/bases/SWDE/job/job-hotjobs/0270.htm","View Recruitment Trends, Inc. profile and job listings"
"/media/Dados/bases/SWDE/job/job-hotjobs/1614.htm",View CyberCoders profile and job listings
"/media/Dados/bases/SWDE/job/job-hotjobs/1538.htm",View CyberCoders profile and job listings
"/media/Dados/bases/SWDE/job/job-hotjobs/0323.htm",View Broadcom profile and job listings
"/media/Dados/bases/SWDE/job/job-hotjobs/1213.htm",View Emerson Process Management - Valve Automation profile and job listings
"/media/Dados/bases/SWDE/job/job-hotjobs/0921.htm",View CyberCoders profile and job listings
"/media/Dados/bases/SWDE/job/job-hotjobs/1825.htm",View CyberCoders profile and job listings
"/media/Dados/bases/SWDE/job/job-hotjobs/1575.htm",View CyberCoders profile and job listings
"/media/Dados/bases/SWDE/job/job-hotjobs/1038.htm",View CyberCoders profile and job listings
"/media/Dados/bases/SWDE/job/job-hotjobs/1145.htm",View CyberCoders profile and job listings
"/media/Dados/bases/SWDE/job/job-hotjobs/1509.htm",View CyberCoders profile and job listings
"/media/Dados/bases/SWDE/job/job-hotjobs/1733.htm",View CyberCoders profile and job listings
"/media/Dados/bases/SWDE/job/job-hotjobs/0100.htm",View Filter Digital profile and job listings
"/media/Dados/bases/SWDE/job/job-hotjobs/0422.htm",View Cengage Learning profile and job listings
"/media/Dados/bases/SWDE/job/job-hotjobs/1377.htm",View CyberCoders profile and job listings
"/media/Dados/bases/SWDE/job/job-hotjobs/0904.htm",View CyberCoders profile and job listings
"/media/Dados/bases/SWDE/job/job-hotjobs/0316.htm",View Symyx Technologies profile and job listings
"/media/Dados/bases/SWDE/job/job-hotjobs/1280.htm",View CyberCoders profile and job listings
"/media/Dados/bases/SWDE/job/job-hotjobs/1141.htm",View CyberCoders profile and job listings
"/media/Dados/bases/SWDE/job/job-hotjobs/1273.htm",View CyberCoders profile and job listings
"/media/Dados/bases/SWDE/job/job-hotjobs/1278.htm",View CyberCoders profile and job listings
"/media/Dados/bases/SWDE/job/job-hotjobs/0628.htm",View Unspecified profile and job listings
"/media/Dados/bases/SWDE/job/job-hotjobs/1122.htm",View CyberCoders profile and job listings
"/media/Dados/bases/SWDE/job/job-hotjobs/0830.htm",View Gregory Laka & Co. profile and job listings
"/media/Dados/bases/SWDE/job/job-hotjobs/1051.htm",View CyberCoders profile and job listings
"/media/Dados/bases/SWDE/job/job-hotjobs/0665.htm","View ACS, A Xerox Company profile and job listings"
"/media/Dados/bases/SWDE/job/job-hotjobs/1875.htm",View CyberCoders profile and job listings
"/media/Dados/bases/SWDE/job/job-hotjobs/1082.htm",View CyberCoders profile and job listings
"/media/Dados/bases/SWDE/job/job-hotjobs/1284.htm",View CyberCoders profile and job listings
"/media/Dados/bases/SWDE/job/job-hotjobs/1996.htm",View ENCLARA HEALTH profile and job listings
"/media/Dados/bases/SWDE/job/job-hotjobs/0050.htm",View Heidenhain Corporation profile and job listings
"/media/Dados/bases/SWDE/job/job-hotjobs/1589.htm",View CyberCoders profile and job listings
"/media/Dados/bases/SWDE/job/job-hotjobs/0935.htm",View TD Ameritrade profile and job listings
"/media/Dados/bases/SWDE/job/job-hotjobs/1334.htm",View CyberCoders profile and job listings
"/media/Dados/bases/SWDE/job/job-hotjobs/1551.htm",View CyberCoders profile and job listings
"/media/Dados/bases/SWDE/job/job-hotjobs/1465.htm",View CyberCoders profile and job listings
"/media/Dados/bases/SWDE/job/job-hotjobs/1454.htm",View CyberCoders profile and job listings
"/media/Dados/bases/SWDE/job/job-hotjobs/1880.htm",View CyberCoders profile and job listings
"/media/Dados/bases/SWDE/job/job-hotjobs/0020.htm",View Pioneer Well Services profile and job listings
"/media/Dados/bases/SWDE/job/job-hotjobs/1787.htm",View CyberCoders profile and job listings
"/media/Dados/bases/SWDE/job/job-hotjobs/1951.htm",View Google Inc. profile and job listings
"/media/Dados/bases/SWDE/job/job-hotjobs/0116.htm",View LoganBritton Inc. profile and job listings
"/media/Dados/bases/SWDE/job/job-hotjobs/1801.htm",View Google Inc. profile and job listings
"/media/Dados/bases/SWDE/job/job-hotjobs/0036.htm",View Bliley Technologies profile and job listings
"/media/Dados/bases/SWDE/job/job-hotjobs/1129.htm",View CyberCoders profile and job listings
"/media/Dados/bases/SWDE/job/job-hotjobs/0685.htm",View Google Inc. profile and job listings
"/media/Dados/bases/SWDE/job/job-hotjobs/1407.htm",View CyberCoders profile and job listings
"/media/Dados/bases/SWDE/job/job-hotjobs/1547.htm",View CyberCoders profile and job listings
"/media/Dados/bases/SWDE/job/job-hotjobs/0164.htm","View ACS, A Xerox Company profile and job listings"
"/media/Dados/bases/SWDE/job/job-hotjobs/1639.htm",View Systems Integration and Development profile and job listings
"/media/Dados/bases/SWDE/job/job-hotjobs/1453.htm",View CyberCoders profile and job listings
"/media/Dados/bases/SWDE/job/job-hotjobs/1497.htm",View CyberCoders profile and job listings
"/media/Dados/bases/SWDE/job/job-hotjobs/0651.htm","View Move, Inc. profile and job listings"
"/media/Dados/bases/SWDE/job/job-hotjobs/0122.htm",View TechProse profile and job listings
"/media/Dados/bases/SWDE/job/job-hotjobs/0169.htm",View Blackboard Inc. profile and job listings
"/media/Dados/bases/SWDE/job/job-hotjobs/1633.htm",View CyberCoders profile and job listings
"/media/Dados/bases/SWDE/job/job-hotjobs/1365.htm",View CyberCoders profile and job listings
"/media/Dados/bases/SWDE/job/job-hotjobs/0775.htm","View ACS, A Xerox Company profile and job listings"
"/media/Dados/bases/SWDE/job/job-hotjobs/0551.htm","View DIVERSANT, LLC profile and job listings"
"/media/Dados/bases/SWDE/job/job-hotjobs/0915.htm",View CyberCoders profile and job listings
"/media/Dados/bases/SWDE/job/job-hotjobs/0442.htm","View Palm, Inc. profile and job listings"
"/media/Dados/bases/SWDE/job/job-hotjobs/1092.htm",View CyberCoders profile and job listings
"/media/Dados/bases/SWDE/job/job-hotjobs/1446.htm",View CyberCoders profile and job listings
"/media/Dados/bases/SWDE/job/job-hotjobs/1896.htm",View CyberCoders profile and job listings
"/media/Dados/bases/SWDE/job/job-hotjobs/0869.htm",View Sagitec profile and job listings
"/media/Dados/bases/SWDE/job/job-hotjobs/1737.htm",View CyberCoders profile and job listings
"/media/Dados/bases/SWDE/job/job-hotjobs/1899.htm",View CyberCoders profile and job listings
"/media/Dados/bases/SWDE/job/job-hotjobs/1031.htm",View CyberCoders profile and job listings
"/media/Dados/bases/SWDE/job/job-hotjobs/0272.htm",View Adobe Systems profile and job listings
"/media/Dados/bases/SWDE/job/job-hotjobs/0248.htm",View Comcast Corporation profile and job listings
"/media/Dados/bases/SWDE/job/job-hotjobs/1444.htm",View CyberCoders profile and job listings
"/media/Dados/bases/SWDE/job/job-hotjobs/1836.htm",View CyberCoders profile and job listings
"/media/Dados/bases/SWDE/job/job-hotjobs/1945.htm",View Pitney Bowes profile and job listings
"/media/Dados/bases/SWDE/job/job-hotjobs/1533.htm",View Thor Group profile and job listings
"/media/Dados/bases/SWDE/job/job-hotjobs/0537.htm",View netPolarity profile and job listings
"/media/Dados/bases/SWDE/job/job-hotjobs/0575.htm","View POWER Engineers, Inc. profile and job listings"
"/media/Dados/bases/SWDE/job/job-hotjobs/0698.htm",View Chestnut Health Systems profile and job listings
"/media/Dados/bases/SWDE/job/job-hotjobs/1812.htm",View CyberCoders profile and job listings
"/media/Dados/bases/SWDE/job/job-hotjobs/1980.htm",View AUGUSTA NATIONAL GOLF CLUB profile and job listings
"/media/Dados/bases/SWDE/job/job-hotjobs/1296.htm",View CyberCoders profile and job listings
"/media/Dados/bases/SWDE/job/job-hotjobs/1577.htm",View CyberCoders profile and job listings
"/media/Dados/bases/SWDE/job/job-hotjobs/1058.htm",View CyberCoders profile and job listings
"/media/Dados/bases/SWDE/job/job-hotjobs/1191.htm",View CyberCoders profile and job listings
"/media/Dados/bases/SWDE/job/job-hotjobs/0196.htm",View Modicom profile and job listings
"/media/Dados/bases/SWDE/job/job-hotjobs/1914.htm",View Atmel Corporation profile and job listings
"/media/Dados/bases/SWDE/job/job-hotjobs/1387.htm",View CyberCoders profile and job listings
"/media/Dados/bases/SWDE/job/job-hotjobs/0918.htm",View CyberCoders profile and job listings
"/media/Dados/bases/SWDE/job/job-hotjobs/0251.htm",View Modicom profile and job listings
"/media/Dados/bases/SWDE/job/job-hotjobs/0056.htm",View BIGBAND NETWORKS (BBND) profile and job listings
"/media/Dados/bases/SWDE/job/job-hotjobs/1909.htm",View Huawei Technologies profile and job listings
"/media/Dados/bases/SWDE/job/job-hotjobs/1161.htm",View CyberCoders profile and job listings
"/media/Dados/bases/SWDE/job/job-hotjobs/0061.htm",View Mustang Technical Consultants profile and job listings
"/media/Dados/bases/SWDE/job/job-hotjobs/1209.htm",View CyberCoders profile and job listings
"/media/Dados/bases/SWDE/job/job-hotjobs/1828.htm",View CyberCoders profile and job listings
"/media/Dados/bases/SWDE/job/job-hotjobs/1728.htm",View CyberCoders profile and job listings
"/media/Dados/bases/SWDE/job/job-hotjobs/0738.htm",View GravityPeople profile and job listings
"/media/Dados/bases/SWDE/job/job-hotjobs/1256.htm",View CyberCoders profile and job listings
"/media/Dados/bases/SWDE/job/job-hotjobs/1223.htm",View Hibbett Sports profile and job listings
"/media/Dados/bases/SWDE/job/job-hotjobs/0482.htm",View Starnik Systems Inc. profile and job listings
"/media/Dados/bases/SWDE/job/job-hotjobs/0627.htm",View Lamar Institute of Technology profile and job listings
"/media/Dados/bases/SWDE/job/job-hotjobs/0925.htm",View CyberCoders profile and job listings
"/media/Dados/bases/SWDE/job/job-hotjobs/0400.htm","View Palm, Inc. profile and job listings"
"/media/Dados/bases/SWDE/job/job-hotjobs/0226.htm",View Tech Needs-Hdqtrs. profile and job listings
"/media/Dados/bases/SWDE/job/job-hotjobs/1229.htm",View CyberCoders profile and job listings
"/media/Dados/bases/SWDE/job/job-hotjobs/0244.htm",View Pangaia Partners profile and job listings
"/media/Dados/bases/SWDE/job/job-hotjobs/1337.htm",View CyberCoders profile and job listings
"/media/Dados/bases/SWDE/job/job-hotjobs/1039.htm",View CyberCoders profile and job listings
"/media/Dados/bases/SWDE/job/job-hotjobs/1043.htm",View CyberCoders profile and job listings
"/media/Dados/bases/SWDE/job/job-hotjobs/0802.htm",View NORTHEAST HEALTH DISTRICT profile and job listings
"/media/Dados/bases/SWDE/job/job-hotjobs/0877.htm",View DemandTec profile and job listings
"/media/Dados/bases/SWDE/job/job-hotjobs/0484.htm",View Goodyear profile and job listings
"/media/Dados/bases/SWDE/job/job-hotjobs/1618.htm",View CyberCoders profile and job listings
"/media/Dados/bases/SWDE/job/job-hotjobs/0964.htm",View CyberCoders profile and job listings
"/media/Dados/bases/SWDE/job/job-hotjobs/0335.htm",View AETEA Information Technology Inc. profile and job listings
"/media/Dados/bases/SWDE/job/job-hotjobs/0899.htm",View CyberCoders profile and job listings
"/media/Dados/bases/SWDE/job/job-hotjobs/1303.htm",View AT&T Interactive profile and job listings
"/media/Dados/bases/SWDE/job/job-hotjobs/0504.htm",View Life Technologies profile and job listings
"/media/Dados/bases/SWDE/job/job-hotjobs/1398.htm",View CyberCoders profile and job listings
"/media/Dados/bases/SWDE/job/job-hotjobs/1324.htm",View CyberCoders profile and job listings
"/media/Dados/bases/SWDE/job/job-hotjobs/1478.htm",View CyberCoders profile and job listings
"/media/Dados/bases/SWDE/job/job-hotjobs/0718.htm","View POWER Engineers, Inc. profile and job listings"
"/media/Dados/bases/SWDE/job/job-hotjobs/0067.htm","View ACS, A Xerox Company profile and job listings"
"/media/Dados/bases/SWDE/job/job-hotjobs/1321.htm",View CyberCoders profile and job listings
"/media/Dados/bases/SWDE/job/job-hotjobs/1833.htm",View CyberCoders profile and job listings
"/media/Dados/bases/SWDE/job/job-hotjobs/1721.htm",View CyberCoders profile and job listings
"/media/Dados/bases/SWDE/job/job-hotjobs/0701.htm",View The Cape Cod Five Cents Savings Bank profile and job listings
"/media/Dados/bases/SWDE/job/job-hotjobs/1543.htm",View CyberCoders profile and job listings
"/media/Dados/bases/SWDE/job/job-hotjobs/0447.htm",View Rck Associates profile and job listings
"/media/Dados/bases/SWDE/job/job-hotjobs/0212.htm",View Chuck E. Cheese's profile and job listings
"/media/Dados/bases/SWDE/job/job-hotjobs/0509.htm",View LabCorp profile and job listings
"/media/Dados/bases/SWDE/job/job-hotjobs/0956.htm",View CyberCoders profile and job listings
"/media/Dados/bases/SWDE/job/job-hotjobs/1540.htm",View CyberCoders profile and job listings
"/media/Dados/bases/SWDE/job/job-hotjobs/0114.htm",View Citadel L.L.C. profile and job listings
"/media/Dados/bases/SWDE/job/job-hotjobs/1757.htm",View CyberCoders profile and job listings
"/media/Dados/bases/SWDE/job/job-hotjobs/0941.htm",View CyberCoders profile and job listings
"/media/Dados/bases/SWDE/job/job-hotjobs/1450.htm",View CyberCoders profile and job listings
"/media/Dados/bases/SWDE/job/job-hotjobs/1917.htm",View Google Inc. profile and job listings
"/media/Dados/bases/SWDE/job/job-hotjobs/0426.htm","View ACS, A Xerox Company profile and job listings"
"/media/Dados/bases/SWDE/job/job-hotjobs/0806.htm",View Anixter Inc. profile and job listings
"/media/Dados/bases/SWDE/job/job-hotjobs/1160.htm",View CyberCoders profile and job listings
"/media/Dados/bases/SWDE/job/job-hotjobs/0590.htm","View ACS, A Xerox Company profile and job listings"
"/media/Dados/bases/SWDE/job/job-hotjobs/0873.htm","View Access Staffing, LLC. profile and job listings"
"/media/Dados/bases/SWDE/job/job-hotjobs/1240.htm",View CyberCoders profile and job listings
"/media/Dados/bases/SWDE/job/job-hotjobs/1015.htm",View Blackboard Inc. profile and job listings
"/media/Dados/bases/SWDE/job/job-hotjobs/0861.htm",View LabCorp profile and job listings
"/media/Dados/bases/SWDE/job/job-hotjobs/0699.htm","View ACS, A Xerox Company profile and job listings"
"/media/Dados/bases/SWDE/job/job-hotjobs/0890.htm",View CyberCoders profile and job listings
"/media/Dados/bases/SWDE/job/job-hotjobs/0510.htm",View Intronic Solutions Group LLC profile and job listings
"/media/Dados/bases/SWDE/job/job-hotjobs/1605.htm",View CyberCoders profile and job listings
"/media/Dados/bases/SWDE/job/job-hotjobs/1266.htm",View eBay Inc. profile and job listings
"/media/Dados/bases/SWDE/job/job-hotjobs/1820.htm",View CyberCoders profile and job listings
"/media/Dados/bases/SWDE/job/job-hotjobs/0054.htm",View CRM Consultants profile and job listings
"/media/Dados/bases/SWDE/job/job-hotjobs/0882.htm",View BigFix Inc. profile and job listings
"/media/Dados/bases/SWDE/job/job-hotjobs/0684.htm",View NVIDIA Corporation profile and job listings
"/media/Dados/bases/SWDE/job/job-hotjobs/0432.htm",View Anchor Staffing profile and job listings
"/media/Dados/bases/SWDE/job/job-hotjobs/0947.htm",View CyberCoders profile and job listings
"/media/Dados/bases/SWDE/job/job-hotjobs/0291.htm",View Broadcom profile and job listings
"/media/Dados/bases/SWDE/job/job-hotjobs/1602.htm",View CyberCoders profile and job listings
"/media/Dados/bases/SWDE/job/job-hotjobs/0985.htm",View CyberCoders profile and job listings
"/media/Dados/bases/SWDE/job/job-hotjobs/1900.htm",View CyberCoders profile and job listings
"/media/Dados/bases/SWDE/job/job-hotjobs/0646.htm",View Carson Health Network profile and job listings
"/media/Dados/bases/SWDE/job/job-hotjobs/0491.htm",View FLORENCE-DARLINGTON TECHNICAL COLLEGE profile and job listings
"/media/Dados/bases/SWDE/job/job-hotjobs/1083.htm",View CyberCoders profile and job listings
"/media/Dados/bases/SWDE/job/job-hotjobs/0580.htm",View UPS profile and job listings
"/media/Dados/bases/SWDE/job/job-hotjobs/0359.htm",View Life Technologies profile and job listings
"/media/Dados/bases/SWDE/job/job-hotjobs/0265.htm",View Boston College profile and job listings
"/media/Dados/bases/SWDE/job/job-hotjobs/1088.htm",View CyberCoders profile and job listings
"/media/Dados/bases/SWDE/job/job-hotjobs/1403.htm",View CyberCoders profile and job listings
"/media/Dados/bases/SWDE/job/job-hotjobs/0129.htm",View Blizzard Entertainment profile and job listings
"/media/Dados/bases/SWDE/job/job-hotjobs/1476.htm",View CyberCoders profile and job listings
"/media/Dados/bases/SWDE/job/job-hotjobs/0332.htm",View Unspecified profile and job listings
"/media/Dados/bases/SWDE/job/job-hotjobs/0132.htm",View Anixter Inc. profile and job listings
"/media/Dados/bases/SWDE/job/job-hotjobs/1064.htm",View Univ. Health System profile and job listings
"/media/Dados/bases/SWDE/job/job-hotjobs/1983.htm",View CMI-Configuration Management profile and job listings
"/media/Dados/bases/SWDE/job/job-hotjobs/0909.htm",View CyberCoders profile and job listings
"/media/Dados/bases/SWDE/job/job-hotjobs/0290.htm","View ACS, A Xerox Company profile and job listings"
"/media/Dados/bases/SWDE/job/job-hotjobs/0091.htm","View ACS, A Xerox Company profile and job listings"
"/media/Dados/bases/SWDE/job/job-hotjobs/1361.htm",View CyberCoders profile and job listings
"/media/Dados/bases/SWDE/job/job-hotjobs/1084.htm",View CyberCoders profile and job listings
"/media/Dados/bases/SWDE/job/job-hotjobs/0840.htm",View Company Confidential profile and job listings
"/media/Dados/bases/SWDE/job/job-hotjobs/1935.htm",View Pitney Bowes profile and job listings
"/media/Dados/bases/SWDE/job/job-hotjobs/1459.htm",View CyberCoders profile and job listings
"/media/Dados/bases/SWDE/job/job-hotjobs/0932.htm",View CyberCoders profile and job listings
"/media/Dados/bases/SWDE/job/job-hotjobs/0329.htm",View Zenex Partners profile and job listings
"/media/Dados/bases/SWDE/job/job-hotjobs/0626.htm","View ACS, A Xerox Company profile and job listings"
"/media/Dados/bases/SWDE/job/job-hotjobs/0086.htm",View Volt Workforce Solutions profile and job listings
"/media/Dados/bases/SWDE/job/job-hotjobs/1174.htm",View CyberCoders profile and job listings
"/media/Dados/bases/SWDE/job/job-hotjobs/0969.htm",View CyberCoders profile and job listings
"/media/Dados/bases/SWDE/job/job-hotjobs/1054.htm",View CyberCoders profile and job listings
"/media/Dados/bases/SWDE/job/job-hotjobs/0416.htm","View Adara Networks, Inc. profile and job listings"
"/media/Dados/bases/SWDE/job/job-hotjobs/0277.htm",View Atmel Corporation profile and job listings
"/media/Dados/bases/SWDE/job/job-hotjobs/0660.htm","View Shoretel, Inc. profile and job listings"
"/media/Dados/bases/SWDE/job/job-hotjobs/1500.htm",View CyberCoders profile and job listings
"/media/Dados/bases/SWDE/job/job-hotjobs/1211.htm",View CyberCoders profile and job listings
"/media/Dados/bases/SWDE/job/job-hotjobs/1393.htm",View CyberCoders profile and job listings
"/media/Dados/bases/SWDE/job/job-hotjobs/0311.htm",View Unspecified profile and job listings
"/media/Dados/bases/SWDE/job/job-hotjobs/0750.htm",View Octapace profile and job listings
"/media/Dados/bases/SWDE/job/job-hotjobs/0721.htm",View Pitney Bowes profile and job listings
"/media/Dados/bases/SWDE/job/job-hotjobs/1127.htm",View CyberCoders profile and job listings
"/media/Dados/bases/SWDE/job/job-hotjobs/0451.htm",View Actuate Corporation profile and job listings
"/media/Dados/bases/SWDE/job/job-hotjobs/1712.htm",View CyberCoders profile and job listings
"/media/Dados/bases/SWDE/job/job-hotjobs/1133.htm",View CyberCoders profile and job listings
"/media/Dados/bases/SWDE/job/job-hotjobs/1872.htm",View CyberCoders profile and job listings
"/media/Dados/bases/SWDE/job/job-hotjobs/1336.htm",View CyberCoders profile and job listings
"/media/Dados/bases/SWDE/job/job-hotjobs/1588.htm",View CyberCoders profile and job listings
"/media/Dados/bases/SWDE/job/job-hotjobs/0384.htm",View Qualcomm profile and job listings
"/media/Dados/bases/SWDE/job/job-hotjobs/1925.htm",View Google Inc. profile and job listings
"/media/Dados/bases/SWDE/job/job-hotjobs/0499.htm",View Fluid Path Solutions profile and job listings
"/media/Dados/bases/SWDE/job/job-hotjobs/0075.htm",View Volt Workforce Solutions profile and job listings
"/media/Dados/bases/SWDE/job/job-hotjobs/0979.htm",View CyberCoders profile and job listings
"/media/Dados/bases/SWDE/job/job-hotjobs/1594.htm",View CyberCoders profile and job listings
"/media/Dados/bases/SWDE/job/job-hotjobs/0362.htm",View Life Technologies profile and job listings
"/media/Dados/bases/SWDE/job/job-hotjobs/0038.htm","View ACS, A Xerox Company profile and job listings"
"/media/Dados/bases/SWDE/job/job-hotjobs/1028.htm",View CyberCoders profile and job listings
"/media/Dados/bases/SWDE/job/job-hotjobs/1786.htm",View CyberCoders profile and job listings
"/media/Dados/bases/SWDE/job/job-hotjobs/1379.htm",View CyberCoders profile and job listings
"/media/Dados/bases/SWDE/job/job-hotjobs/1535.htm",View CyberCoders profile and job listings
"/media/Dados/bases/SWDE/job/job-hotjobs/0933.htm",View CyberCoders profile and job listings
"/media/Dados/bases/SWDE/job/job-hotjobs/0194.htm",View Reynolds & Reynolds profile and job listings
"/media/Dados/bases/SWDE/job/job-hotjobs/0745.htm",View Volt Workforce Solutions profile and job listings
"/media/Dados/bases/SWDE/job/job-hotjobs/0048.htm",View FF3 Resource Group profile and job listings
"/media/Dados/bases/SWDE/job/job-hotjobs/1107.htm",View Atmel Corporation profile and job listings
"/media/Dados/bases/SWDE/job/job-hotjobs/0004.htm",View SERVPRO profile and job listings
"/media/Dados/bases/SWDE/job/job-hotjobs/0548.htm",View Worldwide TechServices profile and job listings
"/media/Dados/bases/SWDE/job/job-hotjobs/1741.htm",View CyberCoders profile and job listings
"/media/Dados/bases/SWDE/job/job-hotjobs/0886.htm",View CyberCoders profile and job listings
"/media/Dados/bases/SWDE/job/job-hotjobs/1923.htm",View Aspen Dental profile and job listings
"/media/Dados/bases/SWDE/job/job-hotjobs/1576.htm",View CyberCoders profile and job listings
"/media/Dados/bases/SWDE/job/job-hotjobs/1834.htm",View CyberCoders profile and job listings
"/media/Dados/bases/SWDE/job/job-hotjobs/0347.htm",View Broadcom profile and job listings
"/media/Dados/bases/SWDE/job/job-hotjobs/0910.htm",View CyberCoders profile and job listings
"/media/Dados/bases/SWDE/job/job-hotjobs/1468.htm",View CyberCoders profile and job listings
"/media/Dados/bases/SWDE/job/job-hotjobs/0470.htm",View Southwest Tennessee Community College profile and job listings
"/media/Dados/bases/SWDE/job/job-hotjobs/1745.htm",View CyberCoders profile and job listings
"/media/Dados/bases/SWDE/job/job-hotjobs/0238.htm","View Park Computer Systems, Inc. profile and job listings"
"/media/Dados/bases/SWDE/job/job-hotjobs/1177.htm",View CyberCoders profile and job listings
"/media/Dados/bases/SWDE/job/job-hotjobs/0846.htm",View Company Confidential profile and job listings
"/media/Dados/bases/SWDE/job/job-hotjobs/0567.htm","View Energy Enterprise Solutions, LLC (EES) profile and job listings"
"/media/Dados/bases/SWDE/job/job-hotjobs/1902.htm",View CyberCoders profile and job listings
"/media/Dados/bases/SWDE/job/job-hotjobs/1078.htm",View CyberCoders profile and job listings
"/media/Dados/bases/SWDE/job/job-hotjobs/1020.htm",View Bowhead profile and job listings
"/media/Dados/bases/SWDE/job/job-hotjobs/0055.htm",View DeKoven Center profile and job listings
"/media/Dados/bases/SWDE/job/job-hotjobs/0895.htm",View CyberCoders profile and job listings
"/media/Dados/bases/SWDE/job/job-hotjobs/0348.htm",View Dionex Corporation profile and job listings
"/media/Dados/bases/SWDE/job/job-hotjobs/1965.htm",View FIBA Technologies profile and job listings
"/media/Dados/bases/SWDE/job/job-hotjobs/0180.htm",View Resource Management Group profile and job listings
"/media/Dados/bases/SWDE/job/job-hotjobs/1232.htm",View CyberCoders profile and job listings
"/media/Dados/bases/SWDE/job/job-hotjobs/0621.htm",View Berkshire Farm Center and Services for Youth profile and job listings
"/media/Dados/bases/SWDE/job/job-hotjobs/1876.htm",View CyberCoders profile and job listings
"/media/Dados/bases/SWDE/job/job-hotjobs/0679.htm",View Pitney Bowes profile and job listings
"/media/Dados/bases/SWDE/job/job-hotjobs/1954.htm",View Qualcomm profile and job listings
"/media/Dados/bases/SWDE/job/job-hotjobs/0232.htm",View Worldwide TechServices profile and job listings
"/media/Dados/bases/SWDE/job/job-hotjobs/0669.htm",View A-List Solutions profile and job listings
"/media/Dados/bases/SWDE/job/job-hotjobs/0098.htm",View Filter Digital profile and job listings
"/media/Dados/bases/SWDE/job/job-hotjobs/0138.htm",View Volt Workforce Solutions profile and job listings
"/media/Dados/bases/SWDE/job/job-hotjobs/0071.htm","View Quest Software, Inc. profile and job listings"
"/media/Dados/bases/SWDE/job/job-hotjobs/0005.htm",View Illinois State University profile and job listings
"/media/Dados/bases/SWDE/job/job-hotjobs/1482.htm",View Broadcom profile and job listings
"/media/Dados/bases/SWDE/job/job-hotjobs/1090.htm",View CyberCoders profile and job listings
"/media/Dados/bases/SWDE/job/job-hotjobs/1322.htm",View CyberCoders profile and job listings
"/media/Dados/bases/SWDE/job/job-hotjobs/1827.htm",View CyberCoders profile and job listings
"/media/Dados/bases/SWDE/job/job-hotjobs/1949.htm",View Google Inc. profile and job listings
"/media/Dados/bases/SWDE/job/job-hotjobs/0666.htm","View DIVERSANT, LLC profile and job listings"
"/media/Dados/bases/SWDE/job/job-hotjobs/1046.htm",View CyberCoders profile and job listings
"/media/Dados/bases/SWDE/job/job-hotjobs/0112.htm",View Filter Digital profile and job listings
"/media/Dados/bases/SWDE/job/job-hotjobs/0376.htm",View Alloy Media + Marketing profile and job listings
"/media/Dados/bases/SWDE/job/job-hotjobs/1913.htm",View Adobe Systems profile and job listings
"/media/Dados/bases/SWDE/job/job-hotjobs/1188.htm",View CyberCoders profile and job listings
"/media/Dados/bases/SWDE/job/job-hotjobs/0794.htm",View National Public Radio profile and job listings
"/media/Dados/bases/SWDE/job/job-hotjobs/0931.htm",View CyberCoders profile and job listings
"/media/Dados/bases/SWDE/job/job-hotjobs/0076.htm",View Volt Workforce Solutions profile and job listings
"/media/Dados/bases/SWDE/job/job-hotjobs/1057.htm",View CyberCoders profile and job listings
"/media/Dados/bases/SWDE/job/job-hotjobs/1464.htm",View CyberCoders profile and job listings
"/media/Dados/bases/SWDE/job/job-hotjobs/0087.htm",View Volt Workforce Solutions profile and job listings
"/media/Dados/bases/SWDE/job/job-hotjobs/1598.htm",View AT&T Interactive profile and job listings
"/media/Dados/bases/SWDE/job/job-hotjobs/1458.htm",View CyberCoders profile and job listings
"/media/Dados/bases/SWDE/job/job-hotjobs/0603.htm",View The Rapid City Journal profile and job listings
"/media/Dados/bases/SWDE/job/job-hotjobs/0141.htm","View ACS, A Xerox Company profile and job listings"
"/media/Dados/bases/SWDE/job/job-hotjobs/0105.htm",View Image Associates profile and job listings
"/media/Dados/bases/SWDE/job/job-hotjobs/0217.htm","View Professional Placement Associates, Inc. profile and job listings"
"/media/Dados/bases/SWDE/job/job-hotjobs/1848.htm",View CyberCoders profile and job listings
"/media/Dados/bases/SWDE/job/job-hotjobs/0513.htm","View SiRF Technology, Inc profile and job listings"
"/media/Dados/bases/SWDE/job/job-hotjobs/1624.htm",View CyberCoders profile and job listings
"/media/Dados/bases/SWDE/job/job-hotjobs/1323.htm",View CyberCoders profile and job listings
"/media/Dados/bases/SWDE/job/job-hotjobs/0822.htm","View ACS, A Xerox Company profile and job listings"
"/media/Dados/bases/SWDE/job/job-hotjobs/1723.htm",View CyberCoders profile and job listings
"/media/Dados/bases/SWDE/job/job-hotjobs/0131.htm",View PointClear profile and job listings
"/media/Dados/bases/SWDE/job/job-hotjobs/0648.htm",View Advantage Technical Resourcing profile and job listings
"/media/Dados/bases/SWDE/job/job-hotjobs/0095.htm",View Citadel L.L.C. profile and job listings
"/media/Dados/bases/SWDE/job/job-hotjobs/1279.htm",View CyberCoders profile and job listings
"/media/Dados/bases/SWDE/job/job-hotjobs/0391.htm",View ESS profile and job listings
"/media/Dados/bases/SWDE/job/job-hotjobs/0601.htm",View Management Recruiters of Chantilly profile and job listings
"/media/Dados/bases/SWDE/job/job-hotjobs/0221.htm","View Corporate Consulting Services, Inc. profile and job listings"
"/media/Dados/bases/SWDE/job/job-hotjobs/1546.htm",View CyberCoders profile and job listings
"/media/Dados/bases/SWDE/job/job-hotjobs/0759.htm",View AMDOCS Inc. profile and job listings
"/media/Dados/bases/SWDE/job/job-hotjobs/0457.htm",View Zirtex Systems profile and job listings
"/media/Dados/bases/SWDE/job/job-hotjobs/1645.htm",View Bowhead profile and job listings
"/media/Dados/bases/SWDE/job/job-hotjobs/1772.htm",View CyberCoders profile and job listings
"/media/Dados/bases/SWDE/job/job-hotjobs/0592.htm",View Exodus Integrity Services profile and job listings
"/media/Dados/bases/SWDE/job/job-hotjobs/1317.htm",View NVIDIA Corporation profile and job listings
"/media/Dados/bases/SWDE/job/job-hotjobs/1255.htm",View CyberCoders profile and job listings
"/media/Dados/bases/SWDE/job/job-hotjobs/1634.htm",View CyberCoders profile and job listings
"/media/Dados/bases/SWDE/job/job-hotjobs/1749.htm",View CyberCoders profile and job listings
"/media/Dados/bases/SWDE/job/job-hotjobs/1007.htm",View CyberCoders profile and job listings
"/media/Dados/bases/SWDE/job/job-hotjobs/1829.htm",View CyberCoders profile and job listings
"/media/Dados/bases/SWDE/job/job-hotjobs/0342.htm",View Synergy America profile and job listings
"/media/Dados/bases/SWDE/job/job-hotjobs/1871.htm",View CyberCoders profile and job listings
"/media/Dados/bases/SWDE/job/job-hotjobs/1878.htm",View CyberCoders profile and job listings
"/media/Dados/bases/SWDE/job/job-hotjobs/0117.htm","View FIEGER, FIEGER KENNEY & JOHNSON profile and job listings"
"/media/Dados/bases/SWDE/job/job-hotjobs/0465.htm","View ACS, A Xerox Company profile and job listings"
"/media/Dados/bases/SWDE/job/job-hotjobs/0480.htm","View ACS, A Xerox Company profile and job listings"
"/media/Dados/bases/SWDE/job/job-hotjobs/0443.htm","View Celerity IT, LLC profile and job listings"
"/media/Dados/bases/SWDE/job/job-hotjobs/1595.htm",View CyberCoders profile and job listings
"/media/Dados/bases/SWDE/job/job-hotjobs/1869.htm",View CyberCoders profile and job listings
"/media/Dados/bases/SWDE/job/job-hotjobs/1907.htm",View Huawei Technologies profile and job listings
"/media/Dados/bases/SWDE/job/job-hotjobs/1025.htm",View Informative People Inc profile and job listings
"/media/Dados/bases/SWDE/job/job-hotjobs/0960.htm",View CyberCoders profile and job listings
"/media/Dados/bases/SWDE/job/job-hotjobs/1077.htm",View CyberCoders profile and job listings
"/media/Dados/bases/SWDE/job/job-hotjobs/0321.htm",View Intuit Inc. profile and job listings
"/media/Dados/bases/SWDE/job/job-hotjobs/1671.htm",View CyberCoders profile and job listings
"/media/Dados/bases/SWDE/job/job-hotjobs/1879.htm",View CyberCoders profile and job listings
"/media/Dados/bases/SWDE/job/job-hotjobs/1674.htm",View CyberCoders profile and job listings
"/media/Dados/bases/SWDE/job/job-hotjobs/1164.htm",View CyberCoders profile and job listings
"/media/Dados/bases/SWDE/job/job-hotjobs/0317.htm","View ACS, A Xerox Company profile and job listings"
"/media/Dados/bases/SWDE/job/job-hotjobs/0058.htm",View COMAL COUNTY profile and job listings
"/media/Dados/bases/SWDE/job/job-hotjobs/0149.htm",View Volt Workforce Solutions profile and job listings
"/media/Dados/bases/SWDE/job/job-hotjobs/1999.htm",View Central Montana Medical Center profile and job listings
"/media/Dados/bases/SWDE/job/job-hotjobs/0538.htm",View Webroot Software profile and job listings
"/media/Dados/bases/SWDE/job/job-hotjobs/0030.htm",View Midland Search Partners profile and job listings
"/media/Dados/bases/SWDE/job/job-hotjobs/0753.htm","View Everware-CBDI North America, Inc. profile and job listings"
"/media/Dados/bases/SWDE/job/job-hotjobs/1692.htm",View CyberCoders profile and job listings
"/media/Dados/bases/SWDE/job/job-hotjobs/1383.htm",View CyberCoders profile and job listings
"/media/Dados/bases/SWDE/job/job-hotjobs/1569.htm",View TD Ameritrade profile and job listings
"/media/Dados/bases/SWDE/job/job-hotjobs/1085.htm",View CyberCoders profile and job listings
"/media/Dados/bases/SWDE/job/job-hotjobs/1261.htm",View CyberCoders profile and job listings
"/media/Dados/bases/SWDE/job/job-hotjobs/1845.htm",View CyberCoders profile and job listings
"/media/Dados/bases/SWDE/job/job-hotjobs/1843.htm",View CyberCoders profile and job listings
"/media/Dados/bases/SWDE/job/job-hotjobs/1764.htm",View AT&T profile and job listings
"/media/Dados/bases/SWDE/job/job-hotjobs/1555.htm",View CyberCoders profile and job listings
"/media/Dados/bases/SWDE/job/job-hotjobs/1006.htm",View CyberCoders profile and job listings
"/media/Dados/bases/SWDE/job/job-hotjobs/0333.htm",View Zenex Partners profile and job listings
"/media/Dados/bases/SWDE/job/job-hotjobs/1212.htm",View Goodtracks profile and job listings
"/media/Dados/bases/SWDE/job/job-hotjobs/1501.htm",View CyberCoders profile and job listings
"/media/Dados/bases/SWDE/job/job-hotjobs/1036.htm",View CyberCoders profile and job listings
"/media/Dados/bases/SWDE/job/job-hotjobs/0664.htm",View E. & J. Gallo Winery profile and job listings
"/media/Dados/bases/SWDE/job/job-hotjobs/0744.htm",View Modicom profile and job listings
"/media/Dados/bases/SWDE/job/job-hotjobs/0952.htm",View CyberCoders profile and job listings
"/media/Dados/bases/SWDE/job/job-hotjobs/1797.htm",View CyberCoders profile and job listings
"/media/Dados/bases/SWDE/job/job-hotjobs/1352.htm",View CyberCoders profile and job listings
"/media/Dados/bases/SWDE/job/job-hotjobs/0897.htm",View Google Inc. profile and job listings
"/media/Dados/bases/SWDE/job/job-hotjobs/1425.htm",View Management Recruiters of Chantilly profile and job listings
"/media/Dados/bases/SWDE/job/job-hotjobs/1991.htm",View Microsoft Corporation profile and job listings
"/media/Dados/bases/SWDE/job/job-hotjobs/1627.htm",View CyberCoders profile and job listings
"/media/Dados/bases/SWDE/job/job-hotjobs/0642.htm",View AT&T profile and job listings
"/media/Dados/bases/SWDE/job/job-hotjobs/1281.htm",View CyberCoders profile and job listings
"/media/Dados/bases/SWDE/job/job-hotjobs/0374.htm",View VIRAJ LLC profile and job listings
"/media/Dados/bases/SWDE/job/job-hotjobs/1704.htm",View CyberCoders profile and job listings
"/media/Dados/bases/SWDE/job/job-hotjobs/1385.htm",View CyberCoders profile and job listings
"/media/Dados/bases/SWDE/job/job-hotjobs/0409.htm",View US Tech Solutions Inc. profile and job listings
"/media/Dados/bases/SWDE/job/job-hotjobs/0876.htm","View Adara Networks, Inc. profile and job listings"
"/media/Dados/bases/SWDE/job/job-hotjobs/1226.htm",View CyberCoders profile and job listings
"/media/Dados/bases/SWDE/job/job-hotjobs/0295.htm",View Adobe Systems profile and job listings
"/media/Dados/bases/SWDE/job/job-hotjobs/1690.htm",View CyberCoders profile and job listings
"/media/Dados/bases/SWDE/job/job-hotjobs/1838.htm",View CyberCoders profile and job listings
"/media/Dados/bases/SWDE/job/job-hotjobs/1621.htm",View CyberCoders profile and job listings
"/media/Dados/bases/SWDE/job/job-hotjobs/0710.htm","View Sterling 5, Inc profile and job listings"
"/media/Dados/bases/SWDE/job/job-hotjobs/0507.htm","View ACS, A Xerox Company profile and job listings"
"/media/Dados/bases/SWDE/job/job-hotjobs/1044.htm",View CyberCoders profile and job listings
"/media/Dados/bases/SWDE/job/job-hotjobs/0550.htm",View TechProse profile and job listings
"/media/Dados/bases/SWDE/job/job-hotjobs/1532.htm",View CyberCoders profile and job listings
"/media/Dados/bases/SWDE/job/job-hotjobs/1135.htm",View CyberCoders profile and job listings
"/media/Dados/bases/SWDE/job/job-hotjobs/0702.htm",View TD Ameritrade profile and job listings
"/media/Dados/bases/SWDE/job/job-hotjobs/1343.htm",View CyberCoders profile and job listings
"/media/Dados/bases/SWDE/job/job-hotjobs/0152.htm",View Volt Workforce Solutions profile and job listings
"/media/Dados/bases/SWDE/job/job-hotjobs/1461.htm",View CyberCoders profile and job listings
"/media/Dados/bases/SWDE/job/job-hotjobs/0170.htm",View TeamBradley Inc. profile and job listings
"/media/Dados/bases/SWDE/job/job-hotjobs/0728.htm","View Avi Technologies, Inc. profile and job listings"
"/media/Dados/bases/SWDE/job/job-hotjobs/1971.htm",View Nebraska Book Company profile and job listings
"/media/Dados/bases/SWDE/job/job-hotjobs/1492.htm",View CyberCoders profile and job listings
"/media/Dados/bases/SWDE/job/job-hotjobs/1821.htm",View CyberCoders profile and job listings
"/media/Dados/bases/SWDE/job/job-hotjobs/0976.htm",View CyberCoders profile and job listings
"/media/Dados/bases/SWDE/job/job-hotjobs/1318.htm",View CyberCoders profile and job listings
"/media/Dados/bases/SWDE/job/job-hotjobs/1063.htm",View CyberCoders profile and job listings
"/media/Dados/bases/SWDE/job/job-hotjobs/0128.htm",View Anixter Inc. profile and job listings
"/media/Dados/bases/SWDE/job/job-hotjobs/0796.htm",View Northwood University profile and job listings
"/media/Dados/bases/SWDE/job/job-hotjobs/0622.htm","View POWER Engineers, Inc. profile and job listings"
"/media/Dados/bases/SWDE/job/job-hotjobs/0423.htm",View Company Confidential profile and job listings
"/media/Dados/bases/SWDE/job/job-hotjobs/0338.htm",View TechProse profile and job listings
"/media/Dados/bases/SWDE/job/job-hotjobs/1615.htm",View CyberCoders profile and job listings
"/media/Dados/bases/SWDE/job/job-hotjobs/1486.htm",View CyberCoders profile and job listings
"/media/Dados/bases/SWDE/job/job-hotjobs/1952.htm","View Palm, Inc. profile and job listings"
"/media/Dados/bases/SWDE/job/job-hotjobs/1776.htm",View TD Ameritrade profile and job listings
"/media/Dados/bases/SWDE/job/job-hotjobs/1688.htm",View CyberCoders profile and job listings
"/media/Dados/bases/SWDE/job/job-hotjobs/1793.htm",View CyberCoders profile and job listings
"/media/Dados/bases/SWDE/job/job-hotjobs/1975.htm",View University of Nebraska Lincoln profile and job listings
"/media/Dados/bases/SWDE/job/job-hotjobs/0526.htm",View Datapros For Healthcare Inc. profile and job listings
"/media/Dados/bases/SWDE/job/job-hotjobs/1302.htm",View CyberCoders profile and job listings
"/media/Dados/bases/SWDE/job/job-hotjobs/1144.htm",View CyberCoders profile and job listings
"/media/Dados/bases/SWDE/job/job-hotjobs/1267.htm",View CyberCoders profile and job listings
"/media/Dados/bases/SWDE/job/job-hotjobs/0927.htm",View CyberCoders profile and job listings
"/media/Dados/bases/SWDE/job/job-hotjobs/0817.htm",View ZanderMax Technologies profile and job listings
"/media/Dados/bases/SWDE/job/job-hotjobs/0367.htm",View Data Path Search Corp profile and job listings
"/media/Dados/bases/SWDE/job/job-hotjobs/1467.htm",View CyberCoders profile and job listings
"/media/Dados/bases/SWDE/job/job-hotjobs/0990.htm",View CyberCoders profile and job listings
"/media/Dados/bases/SWDE/job/job-hotjobs/1702.htm",View CyberCoders profile and job listings
"/media/Dados/bases/SWDE/job/job-hotjobs/0174.htm","View GATES THAT OPEN, LLC profile and job listings"
"/media/Dados/bases/SWDE/job/job-hotjobs/1498.htm",View CyberCoders profile and job listings
"/media/Dados/bases/SWDE/job/job-hotjobs/1585.htm",View Google Inc. profile and job listings
"/media/Dados/bases/SWDE/job/job-hotjobs/1528.htm",View CyberCoders profile and job listings
"/media/Dados/bases/SWDE/job/job-hotjobs/1928.htm",View Broadcom profile and job listings
"/media/Dados/bases/SWDE/job/job-hotjobs/0859.htm",View Broadcom profile and job listings
"/media/Dados/bases/SWDE/job/job-hotjobs/0751.htm","View ACS, A Xerox Company profile and job listings"
"/media/Dados/bases/SWDE/job/job-hotjobs/1730.htm",View CyberCoders profile and job listings
"/media/Dados/bases/SWDE/job/job-hotjobs/0508.htm",View Technical Staffing profile and job listings
"/media/Dados/bases/SWDE/job/job-hotjobs/0318.htm",View Zenex Partners profile and job listings
"/media/Dados/bases/SWDE/job/job-hotjobs/1349.htm",View CyberCoders profile and job listings
"/media/Dados/bases/SWDE/job/job-hotjobs/1293.htm",View CyberCoders profile and job listings
"/media/Dados/bases/SWDE/job/job-hotjobs/0888.htm",View CyberCoders profile and job listings
"/media/Dados/bases/SWDE/job/job-hotjobs/1413.htm",View CyberCoders profile and job listings
"/media/Dados/bases/SWDE/job/job-hotjobs/1234.htm",View eBay Inc. profile and job listings
"/media/Dados/bases/SWDE/job/job-hotjobs/0730.htm","View Adept Consulting Services, Inc. profile and job listings"
"/media/Dados/bases/SWDE/job/job-hotjobs/1657.htm","View MAX Consulting Group, Inc. profile and job listings"
"/media/Dados/bases/SWDE/job/job-hotjobs/1789.htm",View CyberCoders profile and job listings
"/media/Dados/bases/SWDE/job/job-hotjobs/1584.htm",View CyberCoders profile and job listings
"/media/Dados/bases/SWDE/job/job-hotjobs/0535.htm",View JobsInSports.com profile and job listings
"/media/Dados/bases/SWDE/job/job-hotjobs/1924.htm",View Aspen Dental profile and job listings
"/media/Dados/bases/SWDE/job/job-hotjobs/0307.htm",View Worldwide TechServices profile and job listings
"/media/Dados/bases/SWDE/job/job-hotjobs/1970.htm",View Lincoln Electric System profile and job listings
"/media/Dados/bases/SWDE/job/job-hotjobs/0583.htm","View Adara Networks, Inc. profile and job listings"
"/media/Dados/bases/SWDE/job/job-hotjobs/1564.htm",View CyberCoders profile and job listings
"/media/Dados/bases/SWDE/job/job-hotjobs/0672.htm","View ACS, A Xerox Company profile and job listings"
"/media/Dados/bases/SWDE/job/job-hotjobs/1440.htm",View CyberCoders profile and job listings
"/media/Dados/bases/SWDE/job/job-hotjobs/1994.htm",View Holy Rosary Healthcare profile and job listings
"/media/Dados/bases/SWDE/job/job-hotjobs/1933.htm",View Providence Health and Services profile and job listings
"/media/Dados/bases/SWDE/job/job-hotjobs/0331.htm","View SHARF, WOODWARD & ASSOCIATES profile and job listings"
"/media/Dados/bases/SWDE/job/job-hotjobs/1477.htm",View CyberCoders profile and job listings
"/media/Dados/bases/SWDE/job/job-hotjobs/1800.htm",View CyberCoders profile and job listings
"/media/Dados/bases/SWDE/job/job-hotjobs/1456.htm",View CyberCoders profile and job listings
"/media/Dados/bases/SWDE/job/job-hotjobs/1391.htm",View CyberCoders profile and job listings
"/media/Dados/bases/SWDE/job/job-hotjobs/0313.htm","View Toppan Photomasks, Inc. profile and job listings"
"/media/Dados/bases/SWDE/job/job-hotjobs/0760.htm",View Company Confidential profile and job listings
"/media/Dados/bases/SWDE/job/job-hotjobs/0707.htm",View Medmarket Search profile and job listings
"/media/Dados/bases/SWDE/job/job-hotjobs/0553.htm",View AT&T Interactive profile and job listings
"/media/Dados/bases/SWDE/job/job-hotjobs/1799.htm",View Google Inc. profile and job listings
"/media/Dados/bases/SWDE/job/job-hotjobs/0094.htm","View ACS, A Xerox Company profile and job listings"
"/media/Dados/bases/SWDE/job/job-hotjobs/1604.htm",View CyberCoders profile and job listings
"/media/Dados/bases/SWDE/job/job-hotjobs/0989.htm",View CyberCoders profile and job listings
"/media/Dados/bases/SWDE/job/job-hotjobs/0310.htm",View Precise Network Services profile and job listings
"/media/Dados/bases/SWDE/job/job-hotjobs/1750.htm",View CyberCoders profile and job listings
"/media/Dados/bases/SWDE/job/job-hotjobs/0834.htm","View POWER Engineers, Inc. profile and job listings"
"/media/Dados/bases/SWDE/job/job-hotjobs/1414.htm",View CyberCoders profile and job listings
"/media/Dados/bases/SWDE/job/job-hotjobs/0118.htm",View Citadel L.L.C. profile and job listings
"/media/Dados/bases/SWDE/job/job-hotjobs/0454.htm",View Worldwide TechServices profile and job listings
"/media/Dados/bases/SWDE/job/job-hotjobs/0700.htm",View FMC Technologies profile and job listings
"/media/Dados/bases/SWDE/job/job-hotjobs/1803.htm",View CyberCoders profile and job listings
"/media/Dados/bases/SWDE/job/job-hotjobs/0039.htm","View Palm, Inc. profile and job listings"
"/media/Dados/bases/SWDE/job/job-hotjobs/1215.htm",View Advantage Technical Resourcing profile and job listings
"/media/Dados/bases/SWDE/job/job-hotjobs/1961.htm",View Thor Group profile and job listings
"/media/Dados/bases/SWDE/job/job-hotjobs/0156.htm",View Hynes and Company profile and job listings
"/media/Dados/bases/SWDE/job/job-hotjobs/1670.htm",View CyberCoders profile and job listings
"/media/Dados/bases/SWDE/job/job-hotjobs/1370.htm",View CyberCoders profile and job listings
"/media/Dados/bases/SWDE/job/job-hotjobs/1599.htm",View CyberCoders profile and job listings
"/media/Dados/bases/SWDE/job/job-hotjobs/1120.htm",View CyberCoders profile and job listings
"/media/Dados/bases/SWDE/job/job-hotjobs/1561.htm",View CyberCoders profile and job listings
"/media/Dados/bases/SWDE/job/job-hotjobs/1288.htm",View CyberCoders profile and job listings
"/media/Dados/bases/SWDE/job/job-hotjobs/0191.htm",View Technology Search International profile and job listings
"/media/Dados/bases/SWDE/job/job-hotjobs/0436.htm",View Broadcom profile and job listings
"/media/Dados/bases/SWDE/job/job-hotjobs/1298.htm",View CyberCoders profile and job listings
"/media/Dados/bases/SWDE/job/job-hotjobs/1873.htm",View CyberCoders profile and job listings
"/media/Dados/bases/SWDE/job/job-hotjobs/1858.htm",View Cisco profile and job listings
"/media/Dados/bases/SWDE/job/job-hotjobs/0440.htm",View Management Recruiters of Chantilly profile and job listings
"/media/Dados/bases/SWDE/job/job-hotjobs/0631.htm",View Xeriom Technology Services profile and job listings
"/media/Dados/bases/SWDE/job/job-hotjobs/1362.htm",View CyberCoders profile and job listings
"/media/Dados/bases/SWDE/job/job-hotjobs/0322.htm",View Google Inc. profile and job listings
"/media/Dados/bases/SWDE/job/job-hotjobs/1932.htm",View Fowler Placement Services profile and job listings
"/media/Dados/bases/SWDE/job/job-hotjobs/1489.htm",View CyberCoders profile and job listings
"/media/Dados/bases/SWDE/job/job-hotjobs/1783.htm",View CyberCoders profile and job listings
"/media/Dados/bases/SWDE/job/job-hotjobs/0074.htm",View Volt Workforce Solutions profile and job listings
"/media/Dados/bases/SWDE/job/job-hotjobs/1010.htm",View CyberCoders profile and job listings
"/media/Dados/bases/SWDE/job/job-hotjobs/0673.htm",View Pitney Bowes profile and job listings
"/media/Dados/bases/SWDE/job/job-hotjobs/1172.htm",View CyberCoders profile and job listings
"/media/Dados/bases/SWDE/job/job-hotjobs/0146.htm",View Volt Workforce Solutions profile and job listings
"/media/Dados/bases/SWDE/job/job-hotjobs/1513.htm",View CyberCoders profile and job listings
"/media/Dados/bases/SWDE/job/job-hotjobs/1401.htm",View CyberCoders profile and job listings
"/media/Dados/bases/SWDE/job/job-hotjobs/0161.htm",View Hynes and Company profile and job listings
"/media/Dados/bases/SWDE/job/job-hotjobs/1953.htm",View Broadcom profile and job listings
"/media/Dados/bases/SWDE/job/job-hotjobs/1613.htm",View CyberCoders profile and job listings
"/media/Dados/bases/SWDE/job/job-hotjobs/1566.htm",View CyberCoders profile and job listings
"/media/Dados/bases/SWDE/job/job-hotjobs/1443.htm",View CyberCoders profile and job listings
"/media/Dados/bases/SWDE/job/job-hotjobs/0319.htm",View The Hartford Financial Services Group Inc profile and job listings
"/media/Dados/bases/SWDE/job/job-hotjobs/1628.htm",View CyberCoders profile and job listings
"/media/Dados/bases/SWDE/job/job-hotjobs/1072.htm",View CyberCoders profile and job listings
"/media/Dados/bases/SWDE/job/job-hotjobs/1934.htm","View DIVERSANT, LLC profile and job listings"
"/media/Dados/bases/SWDE/job/job-hotjobs/1514.htm",View CyberCoders profile and job listings
"/media/Dados/bases/SWDE/job/job-hotjobs/1981.htm",View GS SOFT profile and job listings
"/media/Dados/bases/SWDE/job/job-hotjobs/0496.htm","View ACS, A Xerox Company profile and job listings"
"/media/Dados/bases/SWDE/job/job-hotjobs/0896.htm",View CyberCoders profile and job listings
"/media/Dados/bases/SWDE/job/job-hotjobs/0296.htm",View Broadcom profile and job listings
"/media/Dados/bases/SWDE/job/job-hotjobs/1695.htm",View CyberCoders profile and job listings
"/media/Dados/bases/SWDE/job/job-hotjobs/1439.htm",View CyberCoders profile and job listings
"/media/Dados/bases/SWDE/job/job-hotjobs/1676.htm",View CyberCoders profile and job listings
"/media/Dados/bases/SWDE/job/job-hotjobs/1149.htm",View CyberCoders profile and job listings
"/media/Dados/bases/SWDE/job/job-hotjobs/0298.htm",View Volt Workforce Solutions profile and job listings
"/media/Dados/bases/SWDE/job/job-hotjobs/1225.htm",View Goodyear profile and job listings
"/media/Dados/bases/SWDE/job/job-hotjobs/1939.htm","View DIVERSANT, LLC profile and job listings"
"/media/Dados/bases/SWDE/job/job-hotjobs/0739.htm",View Mindsource profile and job listings
"/media/Dados/bases/SWDE/job/job-hotjobs/1305.htm",View CyberCoders profile and job listings
"/media/Dados/bases/SWDE/job/job-hotjobs/0949.htm",View CyberCoders profile and job listings
"/media/Dados/bases/SWDE/job/job-hotjobs/0147.htm",View Trend Micro Inc. profile and job listings
"/media/Dados/bases/SWDE/job/job-hotjobs/1210.htm",View CyberCoders profile and job listings
"/media/Dados/bases/SWDE/job/job-hotjobs/1003.htm",View CyberCoders profile and job listings
"/media/Dados/bases/SWDE/job/job-hotjobs/1178.htm",View CyberCoders profile and job listings
"/media/Dados/bases/SWDE/job/job-hotjobs/0946.htm",View CyberCoders profile and job listings
"/media/Dados/bases/SWDE/job/job-hotjobs/1469.htm",View CyberCoders profile and job listings
"/media/Dados/bases/SWDE/job/job-hotjobs/1656.htm","View ACS, A Xerox Company profile and job listings"
"/media/Dados/bases/SWDE/job/job-hotjobs/1962.htm","View DATAMATICS CONSULTANTS, INC. profile and job listings"
"/media/Dados/bases/SWDE/job/job-hotjobs/0097.htm",View Citadel L.L.C. profile and job listings
"/media/Dados/bases/SWDE/job/job-hotjobs/1330.htm",View CyberCoders profile and job listings
"/media/Dados/bases/SWDE/job/job-hotjobs/1366.htm",View CyberCoders profile and job listings
"/media/Dados/bases/SWDE/job/job-hotjobs/0616.htm",View Worldwide TechServices profile and job listings
"/media/Dados/bases/SWDE/job/job-hotjobs/1136.htm",View CyberCoders profile and job listings
"/media/Dados/bases/SWDE/job/job-hotjobs/1360.htm",View CyberCoders profile and job listings
"/media/Dados/bases/SWDE/job/job-hotjobs/1687.htm",View CyberCoders profile and job listings
"/media/Dados/bases/SWDE/job/job-hotjobs/1792.htm",View CyberCoders profile and job listings
"/media/Dados/bases/SWDE/job/job-hotjobs/1154.htm",View CyberCoders profile and job listings
"/media/Dados/bases/SWDE/job/job-hotjobs/0387.htm",View Goodyear profile and job listings
"/media/Dados/bases/SWDE/job/job-hotjobs/0189.htm",View Williams Lea profile and job listings
"/media/Dados/bases/SWDE/job/job-hotjobs/1035.htm",View CyberCoders profile and job listings
"/media/Dados/bases/SWDE/job/job-hotjobs/0562.htm",View Learn2Perform profile and job listings
"/media/Dados/bases/SWDE/job/job-hotjobs/1851.htm",View Modicom profile and job listings
"/media/Dados/bases/SWDE/job/job-hotjobs/0791.htm",View Comcast Corporation profile and job listings
"/media/Dados/bases/SWDE/job/job-hotjobs/1473.htm",View CyberCoders profile and job listings
"/media/Dados/bases/SWDE/job/job-hotjobs/1350.htm",View CyberCoders profile and job listings
"/media/Dados/bases/SWDE/job/job-hotjobs/1649.htm",View Management Recruiters of Chantilly profile and job listings
"/media/Dados/bases/SWDE/job/job-hotjobs/1193.htm",View CyberCoders profile and job listings
"/media/Dados/bases/SWDE/job/job-hotjobs/0867.htm","View MAX Consulting Group, Inc. profile and job listings"
"/media/Dados/bases/SWDE/job/job-hotjobs/0495.htm","View ACS, A Xerox Company profile and job listings"
"/media/Dados/bases/SWDE/job/job-hotjobs/1855.htm","View ACS, A Xerox Company profile and job listings"
"/media/Dados/bases/SWDE/job/job-hotjobs/1155.htm",View CyberCoders profile and job listings
"/media/Dados/bases/SWDE/job/job-hotjobs/1806.htm",View CyberCoders profile and job listings
"/media/Dados/bases/SWDE/job/job-hotjobs/0353.htm",View Life Technologies profile and job listings
"/media/Dados/bases/SWDE/job/job-hotjobs/0988.htm",View CyberCoders profile and job listings
"/media/Dados/bases/SWDE/job/job-hotjobs/0997.htm",View CyberCoders profile and job listings
"/media/Dados/bases/SWDE/job/job-hotjobs/1333.htm",View CyberCoders profile and job listings
"/media/Dados/bases/SWDE/job/job-hotjobs/1918.htm",View Google Inc. profile and job listings
"/media/Dados/bases/SWDE/job/job-hotjobs/1684.htm",View CyberCoders profile and job listings
"/media/Dados/bases/SWDE/job/job-hotjobs/1283.htm",View CyberCoders profile and job listings
"/media/Dados/bases/SWDE/job/job-hotjobs/1542.htm",View CyberCoders profile and job listings
"/media/Dados/bases/SWDE/job/job-hotjobs/0293.htm",View Idea Connectors profile and job listings
"/media/Dados/bases/SWDE/job/job-hotjobs/1245.htm",View CyberCoders profile and job listings
"/media/Dados/bases/SWDE/job/job-hotjobs/0283.htm",View OneTen Technologies profile and job listings
"/media/Dados/bases/SWDE/job/job-hotjobs/1524.htm",View CyberCoders profile and job listings
"/media/Dados/bases/SWDE/job/job-hotjobs/0591.htm",View SP Associates profile and job listings
"/media/Dados/bases/SWDE/job/job-hotjobs/1238.htm",View Google Inc. profile and job listings
"/media/Dados/bases/SWDE/job/job-hotjobs/0396.htm",View Ketchum Public Relations profile and job listings
"/media/Dados/bases/SWDE/job/job-hotjobs/1307.htm",View CyberCoders profile and job listings
"/media/Dados/bases/SWDE/job/job-hotjobs/1116.htm",View CyberCoders profile and job listings
"/media/Dados/bases/SWDE/job/job-hotjobs/1390.htm",View CyberCoders profile and job listings
"/media/Dados/bases/SWDE/job/job-hotjobs/0913.htm",View Google Inc. profile and job listings
"/media/Dados/bases/SWDE/job/job-hotjobs/0893.htm",View CyberCoders profile and job listings
"/media/Dados/bases/SWDE/job/job-hotjobs/0546.htm","View Palm, Inc. profile and job listings"
"/media/Dados/bases/SWDE/job/job-hotjobs/1246.htm",View CyberCoders profile and job listings
"/media/Dados/bases/SWDE/job/job-hotjobs/1898.htm",View CyberCoders profile and job listings
"/media/Dados/bases/SWDE/job/job-hotjobs/1884.htm",View CyberCoders profile and job listings
"/media/Dados/bases/SWDE/job/job-hotjobs/1004.htm",View CyberCoders profile and job listings
"/media/Dados/bases/SWDE/job/job-hotjobs/0330.htm",View Agfa Corporation profile and job listings
"/media/Dados/bases/SWDE/job/job-hotjobs/0786.htm","View SiRF Technology, Inc profile and job listings"
"/media/Dados/bases/SWDE/job/job-hotjobs/1519.htm",View CyberCoders profile and job listings
"/media/Dados/bases/SWDE/job/job-hotjobs/1840.htm",View CyberCoders profile and job listings
"/media/Dados/bases/SWDE/job/job-hotjobs/0916.htm",View AT&T profile and job listings
"/media/Dados/bases/SWDE/job/job-hotjobs/1601.htm",View CyberCoders profile and job listings
"/media/Dados/bases/SWDE/job/job-hotjobs/1199.htm",View CyberCoders profile and job listings
"/media/Dados/bases/SWDE/job/job-hotjobs/1831.htm",View CyberCoders profile and job listings
"/media/Dados/bases/SWDE/job/job-hotjobs/0687.htm",View East Central College profile and job listings
"/media/Dados/bases/SWDE/job/job-hotjobs/1647.htm","View Charter Schools, USA profile and job listings"
"/media/Dados/bases/SWDE/job/job-hotjobs/1342.htm",View CyberCoders profile and job listings
"/media/Dados/bases/SWDE/job/job-hotjobs/1748.htm",View CyberCoders profile and job listings
"/media/Dados/bases/SWDE/job/job-hotjobs/1910.htm",View Google Inc. profile and job listings
"/media/Dados/bases/SWDE/job/job-hotjobs/0192.htm",View Modicom profile and job listings
"/media/Dados/bases/SWDE/job/job-hotjobs/1766.htm",View CyberCoders profile and job listings
"/media/Dados/bases/SWDE/job/job-hotjobs/1558.htm",View CyberCoders profile and job listings
"/media/Dados/bases/SWDE/job/job-hotjobs/0978.htm",View CyberCoders profile and job listings
"/media/Dados/bases/SWDE/job/job-hotjobs/0922.htm",View CyberCoders profile and job listings
"/media/Dados/bases/SWDE/job/job-hotjobs/1545.htm",View CyberCoders profile and job listings
"/media/Dados/bases/SWDE/job/job-hotjobs/0063.htm",View CRM Consultants profile and job listings
"/media/Dados/bases/SWDE/job/job-hotjobs/1989.htm",View Hill Phoenix profile and job listings
"/media/Dados/bases/SWDE/job/job-hotjobs/0014.htm",View Western Carolina University profile and job listings
"/media/Dados/bases/SWDE/job/job-hotjobs/1157.htm",View CyberCoders profile and job listings
"/media/Dados/bases/SWDE/job/job-hotjobs/1993.htm",View CMI-Configuration Management profile and job listings
"/media/Dados/bases/SWDE/job/job-hotjobs/0294.htm",View Volt Workforce Solutions profile and job listings
"/media/Dados/bases/SWDE/job/job-hotjobs/1539.htm",View CyberCoders profile and job listings
"/media/Dados/bases/SWDE/job/job-hotjobs/1171.htm",View CyberCoders profile and job listings
"/media/Dados/bases/SWDE/job/job-hotjobs/0600.htm",View Special School District profile and job listings
"/media/Dados/bases/SWDE/job/job-hotjobs/1503.htm",View CyberCoders profile and job listings
"/media/Dados/bases/SWDE/job/job-hotjobs/0235.htm",View Idea Connectors profile and job listings
"/media/Dados/bases/SWDE/job/job-hotjobs/1228.htm",View CyberCoders profile and job listings
"/media/Dados/bases/SWDE/job/job-hotjobs/1270.htm",View CyberCoders profile and job listings
"/media/Dados/bases/SWDE/job/job-hotjobs/1816.htm",View CyberCoders profile and job listings
"/media/Dados/bases/SWDE/job/job-hotjobs/0866.htm",View Project One Inc. profile and job listings
"/media/Dados/bases/SWDE/job/job-hotjobs/0711.htm",View Invertix profile and job listings
"/media/Dados/bases/SWDE/job/job-hotjobs/1527.htm",View CyberCoders profile and job listings
"/media/Dados/bases/SWDE/job/job-hotjobs/1686.htm",View CyberCoders profile and job listings
"/media/Dados/bases/SWDE/job/job-hotjobs/0970.htm",View CyberCoders profile and job listings
"/media/Dados/bases/SWDE/job/job-hotjobs/0478.htm",View Successfactors profile and job listings
"/media/Dados/bases/SWDE/job/job-hotjobs/1091.htm",View CyberCoders profile and job listings
"/media/Dados/bases/SWDE/job/job-hotjobs/0377.htm",View Cisco profile and job listings
"/media/Dados/bases/SWDE/job/job-hotjobs/1111.htm",View CyberCoders profile and job listings
"/media/Dados/bases/SWDE/job/job-hotjobs/1666.htm",View CyberCoders profile and job listings
"/media/Dados/bases/SWDE/job/job-hotjobs/0747.htm",View SphereCom Enterprises Inc. profile and job listings
"/media/Dados/bases/SWDE/job/job-hotjobs/1705.htm",View CyberCoders profile and job listings
"/media/Dados/bases/SWDE/job/job-hotjobs/0975.htm",View CyberCoders profile and job listings
"/media/Dados/bases/SWDE/job/job-hotjobs/1185.htm",View CyberCoders profile and job listings
"/media/Dados/bases/SWDE/job/job-hotjobs/1380.htm",View CyberCoders profile and job listings
"/media/Dados/bases/SWDE/job/job-hotjobs/1889.htm",View CyberCoders profile and job listings
"/media/Dados/bases/SWDE/job/job-hotjobs/1115.htm",View CyberCoders profile and job listings
"/media/Dados/bases/SWDE/job/job-hotjobs/0999.htm",View CyberCoders profile and job listings
"/media/Dados/bases/SWDE/job/job-hotjobs/1102.htm",View CyberCoders profile and job listings
"/media/Dados/bases/SWDE/job/job-hotjobs/1096.htm",View CyberCoders profile and job listings
"/media/Dados/bases/SWDE/job/job-hotjobs/1167.htm",View CyberCoders profile and job listings
"/media/Dados/bases/SWDE/job/job-hotjobs/1067.htm",View CyberCoders profile and job listings
"/media/Dados/bases/SWDE/job/job-hotjobs/1181.htm",View CyberCoders profile and job listings
"/media/Dados/bases/SWDE/job/job-hotjobs/1862.htm",View Lone Star College System profile and job listings
"/media/Dados/bases/SWDE/job/job-hotjobs/0519.htm",View NVIDIA Corporation profile and job listings
"/media/Dados/bases/SWDE/job/job-hotjobs/1455.htm",View CyberCoders profile and job listings
"/media/Dados/bases/SWDE/job/job-hotjobs/1735.htm",View CyberCoders profile and job listings
"/media/Dados/bases/SWDE/job/job-hotjobs/1974.htm",View Data Ark profile and job listings
"/media/Dados/bases/SWDE/job/job-hotjobs/0659.htm","View Summit Systems, Inc. profile and job listings"
"/media/Dados/bases/SWDE/job/job-hotjobs/0746.htm",View Broadcom profile and job listings
"/media/Dados/bases/SWDE/job/job-hotjobs/1099.htm",View CyberCoders profile and job listings
"/media/Dados/bases/SWDE/job/job-hotjobs/1859.htm",View Medical Professional Mutual Insurance Company profile and job listings
"/media/Dados/bases/SWDE/job/job-hotjobs/0254.htm",View Rangam Consultants Inc. profile and job listings
"/media/Dados/bases/SWDE/job/job-hotjobs/0042.htm",View Envy Resources Corporation profile and job listings
"/media/Dados/bases/SWDE/job/job-hotjobs/1359.htm",View CyberCoders profile and job listings
"/media/Dados/bases/SWDE/job/job-hotjobs/0937.htm",View CyberCoders profile and job listings
"/media/Dados/bases/SWDE/job/job-hotjobs/1719.htm",View CyberCoders profile and job listings
"/media/Dados/bases/SWDE/job/job-hotjobs/1089.htm",View CyberCoders profile and job listings
"/media/Dados/bases/SWDE/job/job-hotjobs/0543.htm",View Matrix Info. Consulting profile and job listings
"/media/Dados/bases/SWDE/job/job-hotjobs/1384.htm",View Atmel Corporation profile and job listings
"/media/Dados/bases/SWDE/job/job-hotjobs/1276.htm",View CyberCoders profile and job listings
"/media/Dados/bases/SWDE/job/job-hotjobs/1348.htm",View CyberCoders profile and job listings
"/media/Dados/bases/SWDE/job/job-hotjobs/0110.htm",View Rend Lake College profile and job listings
"/media/Dados/bases/SWDE/job/job-hotjobs/0532.htm","View Service Express, Inc. profile and job listings"
"/media/Dados/bases/SWDE/job/job-hotjobs/0288.htm","View SHARF, WOODWARD & ASSOCIATES profile and job listings"
"/media/Dados/bases/SWDE/job/job-hotjobs/1363.htm",View CyberCoders profile and job listings
"/media/Dados/bases/SWDE/job/job-hotjobs/1817.htm",View CyberCoders profile and job listings
"/media/Dados/bases/SWDE/job/job-hotjobs/1375.htm",View CyberCoders profile and job listings
"/media/Dados/bases/SWDE/job/job-hotjobs/0547.htm",View Xilinx Inc. profile and job listings
"/media/Dados/bases/SWDE/job/job-hotjobs/1631.htm",View Google Inc. profile and job listings
"/media/Dados/bases/SWDE/job/job-hotjobs/0831.htm","View ACS, A Xerox Company profile and job listings"
"/media/Dados/bases/SWDE/job/job-hotjobs/0810.htm","View Quest Software, Inc. profile and job listings"
"/media/Dados/bases/SWDE/job/job-hotjobs/0403.htm",View DemandTec profile and job listings
"/media/Dados/bases/SWDE/job/job-hotjobs/0953.htm",View CyberCoders profile and job listings
"/media/Dados/bases/SWDE/job/job-hotjobs/1769.htm",View CyberCoders profile and job listings
"/media/Dados/bases/SWDE/job/job-hotjobs/0982.htm",View CyberCoders profile and job listings
"/media/Dados/bases/SWDE/job/job-hotjobs/1726.htm",View CyberCoders profile and job listings
"/media/Dados/bases/SWDE/job/job-hotjobs/0427.htm",View NVIDIA Corporation profile and job listings
"/media/Dados/bases/SWDE/job/job-hotjobs/1739.htm",View CyberCoders profile and job listings
"/media/Dados/bases/SWDE/job/job-hotjobs/1143.htm",View CyberCoders profile and job listings
"/media/Dados/bases/SWDE/job/job-hotjobs/1626.htm",View CyberCoders profile and job listings
"/media/Dados/bases/SWDE/job/job-hotjobs/1124.htm",View CyberCoders profile and job listings
"/media/Dados/bases/SWDE/job/job-hotjobs/1357.htm",View CyberCoders profile and job listings
"/media/Dados/bases/SWDE/job/job-hotjobs/0607.htm",View Princeton Corporate Consultants (PCC Search) profile and job listings
"/media/Dados/bases/SWDE/job/job-hotjobs/1526.htm",View CyberCoders profile and job listings
"/media/Dados/bases/SWDE/job/job-hotjobs/1017.htm",View Themis Computer profile and job listings
"/media/Dados/bases/SWDE/job/job-hotjobs/0203.htm",View Anixter Inc. profile and job listings
"/media/Dados/bases/SWDE/job/job-hotjobs/0828.htm",View AETEA Information Technology Inc. profile and job listings
"/media/Dados/bases/SWDE/job/job-hotjobs/0068.htm","View Quest Software, Inc. profile and job listings"
"/media/Dados/bases/SWDE/job/job-hotjobs/1400.htm",View CyberCoders profile and job listings
"/media/Dados/bases/SWDE/job/job-hotjobs/0573.htm","View Power Integrations, Inc. profile and job listings"
"/media/Dados/bases/SWDE/job/job-hotjobs/1992.htm",View Thor Group profile and job listings
"/media/Dados/bases/SWDE/job/job-hotjobs/0955.htm",View CyberCoders profile and job listings
"/media/Dados/bases/SWDE/job/job-hotjobs/0093.htm","View ACS, A Xerox Company profile and job listings"
"/media/Dados/bases/SWDE/job/job-hotjobs/0902.htm",View CyberCoders profile and job listings
"/media/Dados/bases/SWDE/job/job-hotjobs/0677.htm",View Unspecified profile and job listings
"/media/Dados/bases/SWDE/job/job-hotjobs/0102.htm",View TechExcel profile and job listings
"/media/Dados/bases/SWDE/job/job-hotjobs/0360.htm",View Life Technologies profile and job listings
"/media/Dados/bases/SWDE/job/job-hotjobs/1392.htm",View CyberCoders profile and job listings
"/media/Dados/bases/SWDE/job/job-hotjobs/0785.htm",View ZanderMax Technologies profile and job listings
"/media/Dados/bases/SWDE/job/job-hotjobs/1697.htm",View CyberCoders profile and job listings
"/media/Dados/bases/SWDE/job/job-hotjobs/1830.htm",View CyberCoders profile and job listings
"/media/Dados/bases/SWDE/job/job-hotjobs/0929.htm",View CyberCoders profile and job listings
"/media/Dados/bases/SWDE/job/job-hotjobs/1740.htm",View CyberCoders profile and job listings
"/media/Dados/bases/SWDE/job/job-hotjobs/1619.htm",View AT&T profile and job listings
"/media/Dados/bases/SWDE/job/job-hotjobs/1176.htm",View Google Inc. profile and job listings
"/media/Dados/bases/SWDE/job/job-hotjobs/1329.htm",View Google Inc. profile and job listings
"/media/Dados/bases/SWDE/job/job-hotjobs/1202.htm",View CyberCoders profile and job listings
"/media/Dados/bases/SWDE/job/job-hotjobs/1603.htm",View CyberCoders profile and job listings
"/media/Dados/bases/SWDE/job/job-hotjobs/0383.htm",View Advantage Technical Resourcing profile and job listings
"/media/Dados/bases/SWDE/job/job-hotjobs/0894.htm",View CyberCoders profile and job listings
"/media/Dados/bases/SWDE/job/job-hotjobs/1582.htm",View CyberCoders profile and job listings
"/media/Dados/bases/SWDE/job/job-hotjobs/1804.htm",View CyberCoders profile and job listings
"/media/Dados/bases/SWDE/job/job-hotjobs/1292.htm",View CyberCoders profile and job listings
"/media/Dados/bases/SWDE/job/job-hotjobs/1998.htm","View MJ Care, Inc. profile and job listings"
"/media/Dados/bases/SWDE/job/job-hotjobs/1117.htm",View CyberCoders profile and job listings
"/media/Dados/bases/SWDE/job/job-hotjobs/1960.htm",View Northeast Parent and Child profile and job listings
"/media/Dados/bases/SWDE/job/job-hotjobs/1752.htm",View CyberCoders profile and job listings
"/media/Dados/bases/SWDE/job/job-hotjobs/1571.htm",View CyberCoders profile and job listings
"/media/Dados/bases/SWDE/job/job-hotjobs/1231.htm",View CyberCoders profile and job listings
"/media/Dados/bases/SWDE/job/job-hotjobs/1005.htm",View CyberCoders profile and job listings
"/media/Dados/bases/SWDE/job/job-hotjobs/1811.htm",View CyberCoders profile and job listings
"/media/Dados/bases/SWDE/job/job-hotjobs/0252.htm",View Black Hills Corporation profile and job listings
"/media/Dados/bases/SWDE/job/job-hotjobs/1590.htm",View CyberCoders profile and job listings
"/media/Dados/bases/SWDE/job/job-hotjobs/1710.htm",View CyberCoders profile and job listings
"/media/Dados/bases/SWDE/job/job-hotjobs/0793.htm",View RR Donnelley profile and job listings
"/media/Dados/bases/SWDE/job/job-hotjobs/1119.htm",View CyberCoders profile and job listings
"/media/Dados/bases/SWDE/job/job-hotjobs/1785.htm",View Google Inc. profile and job listings
"/media/Dados/bases/SWDE/job/job-hotjobs/0287.htm",View Google Inc. profile and job listings
"/media/Dados/bases/SWDE/job/job-hotjobs/1068.htm",View CyberCoders profile and job listings
"/media/Dados/bases/SWDE/job/job-hotjobs/0912.htm",View CyberCoders profile and job listings
"/media/Dados/bases/SWDE/job/job-hotjobs/1586.htm",View CyberCoders profile and job listings
"/media/Dados/bases/SWDE/job/job-hotjobs/0402.htm",View Talon profile and job listings
"/media/Dados/bases/SWDE/job/job-hotjobs/1475.htm",View CyberCoders profile and job listings
"/media/Dados/bases/SWDE/job/job-hotjobs/0889.htm",View CyberCoders profile and job listings
"/media/Dados/bases/SWDE/job/job-hotjobs/1868.htm",View Scientific Games Corp. profile and job listings
"/media/Dados/bases/SWDE/job/job-hotjobs/1630.htm",View CyberCoders profile and job listings
"/media/Dados/bases/SWDE/job/job-hotjobs/0089.htm","View ACS, A Xerox Company profile and job listings"
"/media/Dados/bases/SWDE/job/job-hotjobs/1906.htm",View Huawei Technologies profile and job listings
"/media/Dados/bases/SWDE/job/job-hotjobs/0695.htm",View Capital Markets Placement profile and job listings
"/media/Dados/bases/SWDE/job/job-hotjobs/1156.htm",View CyberCoders profile and job listings
"/media/Dados/bases/SWDE/job/job-hotjobs/1194.htm",View CyberCoders profile and job listings
"/media/Dados/bases/SWDE/job/job-hotjobs/1775.htm",View CyberCoders profile and job listings
"/media/Dados/bases/SWDE/job/job-hotjobs/1677.htm",View CyberCoders profile and job listings
"/media/Dados/bases/SWDE/job/job-hotjobs/1032.htm",View CyberCoders profile and job listings
"/media/Dados/bases/SWDE/job/job-hotjobs/1736.htm",View CyberCoders profile and job listings
"/media/Dados/bases/SWDE/job/job-hotjobs/0920.htm",View CyberCoders profile and job listings
"/media/Dados/bases/SWDE/job/job-hotjobs/0658.htm",View Sophelle profile and job listings
"/media/Dados/bases/SWDE/job/job-hotjobs/1937.htm",View Atmel Corporation profile and job listings
"/media/Dados/bases/SWDE/job/job-hotjobs/0683.htm","View DIVERSANT, LLC profile and job listings"
"/media/Dados/bases/SWDE/job/job-hotjobs/0182.htm",View Systems Integration and Development profile and job listings
"/media/Dados/bases/SWDE/job/job-hotjobs/0662.htm",View IBM Corporation profile and job listings
"/media/Dados/bases/SWDE/job/job-hotjobs/0220.htm",View Perkins School For The Blind profile and job listings
"/media/Dados/bases/SWDE/job/job-hotjobs/0804.htm",View Dynamic Staffing profile and job listings
"/media/Dados/bases/SWDE/job/job-hotjobs/1824.htm",View AT&T profile and job listings
"/media/Dados/bases/SWDE/job/job-hotjobs/0818.htm","View DIVERSANT, LLC profile and job listings"
"/media/Dados/bases/SWDE/job/job-hotjobs/0278.htm",View Qualcomm profile and job listings
"/media/Dados/bases/SWDE/job/job-hotjobs/1720.htm",View CyberCoders profile and job listings
"/media/Dados/bases/SWDE/job/job-hotjobs/1969.htm",View Hewitt Associates LLC profile and job listings
"/media/Dados/bases/SWDE/job/job-hotjobs/1941.htm","View DIVERSANT, LLC profile and job listings"
"/media/Dados/bases/SWDE/job/job-hotjobs/0594.htm",View Pitney Bowes profile and job listings
"/media/Dados/bases/SWDE/job/job-hotjobs/1250.htm",View CyberCoders profile and job listings
"/media/Dados/bases/SWDE/job/job-hotjobs/1112.htm",View CyberCoders profile and job listings
"/media/Dados/bases/SWDE/job/job-hotjobs/1510.htm",View CyberCoders profile and job listings
"/media/Dados/bases/SWDE/job/job-hotjobs/1196.htm",View CyberCoders profile and job listings
"/media/Dados/bases/SWDE/job/job-hotjobs/1325.htm",View CyberCoders profile and job listings
"/media/Dados/bases/SWDE/job/job-hotjobs/1097.htm",View CyberCoders profile and job listings
"/media/Dados/bases/SWDE/job/job-hotjobs/0961.htm",View CyberCoders profile and job listings
"/media/Dados/bases/SWDE/job/job-hotjobs/1796.htm",View CyberCoders profile and job listings
"/media/Dados/bases/SWDE/job/job-hotjobs/0820.htm",View Baytech Solutions profile and job listings
"/media/Dados/bases/SWDE/job/job-hotjobs/0390.htm",View NVIDIA Corporation profile and job listings
"/media/Dados/bases/SWDE/job/job-hotjobs/0452.htm",View Ariba Inc. profile and job listings
"/media/Dados/bases/SWDE/job/job-hotjobs/1268.htm",View CyberCoders profile and job listings
"/media/Dados/bases/SWDE/job/job-hotjobs/1521.htm",View CyberCoders profile and job listings
"/media/Dados/bases/SWDE/job/job-hotjobs/1968.htm",View Allegheny College profile and job listings
"/media/Dados/bases/SWDE/job/job-hotjobs/0596.htm","View Omni-Source, Inc. profile and job listings"
"/media/Dados/bases/SWDE/job/job-hotjobs/1784.htm",View AT&T profile and job listings
"/media/Dados/bases/SWDE/job/job-hotjobs/1518.htm",View Parsons Corporation profile and job listings
"/media/Dados/bases/SWDE/job/job-hotjobs/1809.htm",View CyberCoders profile and job listings
"/media/Dados/bases/SWDE/job/job-hotjobs/1770.htm",View Parsons Corporation profile and job listings
"/media/Dados/bases/SWDE/job/job-hotjobs/1915.htm",View Pitney Bowes profile and job listings
"/media/Dados/bases/SWDE/job/job-hotjobs/0401.htm",View Public Utilities Commission profile and job listings
"/media/Dados/bases/SWDE/job/job-hotjobs/1480.htm",View CyberCoders profile and job listings
"/media/Dados/bases/SWDE/job/job-hotjobs/1274.htm",View CyberCoders profile and job listings
"/media/Dados/bases/SWDE/job/job-hotjobs/1259.htm",View CyberCoders profile and job listings
"/media/Dados/bases/SWDE/job/job-hotjobs/1049.htm",View CyberCoders profile and job listings
"/media/Dados/bases/SWDE/job/job-hotjobs/1669.htm",View CyberCoders profile and job listings
"/media/Dados/bases/SWDE/job/job-hotjobs/0445.htm",View Capital Finance Recruiters profile and job listings
"/media/Dados/bases/SWDE/job/job-hotjobs/0178.htm",View Host.net profile and job listings
"/media/Dados/bases/SWDE/job/job-hotjobs/0649.htm",View UPS profile and job listings
"/media/Dados/bases/SWDE/job/job-hotjobs/0972.htm",View CyberCoders profile and job listings
"/media/Dados/bases/SWDE/job/job-hotjobs/0788.htm",View Technology Search International profile and job listings
"/media/Dados/bases/SWDE/job/job-hotjobs/0344.htm",View Volt Workforce Solutions profile and job listings
"/media/Dados/bases/SWDE/job/job-hotjobs/1071.htm",View CyberCoders profile and job listings
"/media/Dados/bases/SWDE/job/job-hotjobs/1512.htm",View CyberCoders profile and job listings
"/media/Dados/bases/SWDE/job/job-hotjobs/1488.htm",View CyberCoders profile and job listings
"/media/Dados/bases/SWDE/job/job-hotjobs/0847.htm","View ACS, A Xerox Company profile and job listings"
"/media/Dados/bases/SWDE/job/job-hotjobs/1300.htm",View CyberCoders profile and job listings
"/media/Dados/bases/SWDE/job/job-hotjobs/1550.htm",View CyberCoders profile and job listings
"/media/Dados/bases/SWDE/job/job-hotjobs/1761.htm",View CyberCoders profile and job listings
"/media/Dados/bases/SWDE/job/job-hotjobs/0645.htm",View Online Technical Services profile and job listings
"/media/Dados/bases/SWDE/job/job-hotjobs/1040.htm",View CyberCoders profile and job listings
"/media/Dados/bases/SWDE/job/job-hotjobs/1093.htm",View CyberCoders profile and job listings
"/media/Dados/bases/SWDE/job/job-hotjobs/1247.htm",View CyberCoders profile and job listings
"/media/Dados/bases/SWDE/job/job-hotjobs/1600.htm",View CyberCoders profile and job listings
"/media/Dados/bases/SWDE/job/job-hotjobs/0501.htm",View Somasoft profile and job listings
"/media/Dados/bases/SWDE/job/job-hotjobs/0314.htm",View Data Path Search Corp profile and job listings
"/media/Dados/bases/SWDE/job/job-hotjobs/1121.htm",View CyberCoders profile and job listings
"/media/Dados/bases/SWDE/job/job-hotjobs/0124.htm","View ACS, A Xerox Company profile and job listings"
"/media/Dados/bases/SWDE/job/job-hotjobs/1130.htm",View CyberCoders profile and job listings
"/media/Dados/bases/SWDE/job/job-hotjobs/1826.htm",View CyberCoders profile and job listings
"/media/Dados/bases/SWDE/job/job-hotjobs/0852.htm",View Nison Technical Resources profile and job listings
"/media/Dados/bases/SWDE/job/job-hotjobs/1243.htm",View Google Inc. profile and job listings
"/media/Dados/bases/SWDE/job/job-hotjobs/1442.htm",View CyberCoders profile and job listings
"/media/Dados/bases/SWDE/job/job-hotjobs/0032.htm",View GWINNETT TECHNICAL COLLEGE profile and job listings
"/media/Dados/bases/SWDE/job/job-hotjobs/0040.htm",View NVIDIA Corporation profile and job listings
"/media/Dados/bases/SWDE/job/job-hotjobs/0875.htm",View Baytech Solutions profile and job listings
"/media/Dados/bases/SWDE/job/job-hotjobs/1207.htm",View CyberCoders profile and job listings
"/media/Dados/bases/SWDE/job/job-hotjobs/1474.htm",View eBay Inc. profile and job listings
"/media/Dados/bases/SWDE/job/job-hotjobs/1768.htm",View eBay Inc. profile and job listings
"/media/Dados/bases/SWDE/job/job-hotjobs/1344.htm",View CyberCoders profile and job listings
"/media/Dados/bases/SWDE/job/job-hotjobs/1369.htm",View CyberCoders profile and job listings
"/media/Dados/bases/SWDE/job/job-hotjobs/1341.htm",View CyberCoders profile and job listings
"/media/Dados/bases/SWDE/job/job-hotjobs/1700.htm",View CyberCoders profile and job listings
"/media/Dados/bases/SWDE/job/job-hotjobs/0019.htm",View Microsoft profile and job listings
"/media/Dados/bases/SWDE/job/job-hotjobs/1027.htm",View CyberCoders profile and job listings
"/media/Dados/bases/SWDE/job/job-hotjobs/1100.htm",View CyberCoders profile and job listings
"/media/Dados/bases/SWDE/job/job-hotjobs/0849.htm",View Net Shroud.com profile and job listings
"/media/Dados/bases/SWDE/job/job-hotjobs/1986.htm",View KNDX Fox 26 profile and job listings
"/media/Dados/bases/SWDE/job/job-hotjobs/0576.htm",View Baytech Solutions profile and job listings
"/media/Dados/bases/SWDE/job/job-hotjobs/1346.htm",View CyberCoders profile and job listings
"/media/Dados/bases/SWDE/job/job-hotjobs/0502.htm",View Open Solutions Inc. profile and job listings
"/media/Dados/bases/SWDE/job/job-hotjobs/0053.htm",View Heidenhain Corporation profile and job listings
"/media/Dados/bases/SWDE/job/job-hotjobs/0998.htm",View CyberCoders profile and job listings
"/media/Dados/bases/SWDE/job/job-hotjobs/0808.htm",View Anixter Inc. profile and job listings
"/media/Dados/bases/SWDE/job/job-hotjobs/0790.htm","View DIVERSANT, LLC profile and job listings"
"/media/Dados/bases/SWDE/job/job-hotjobs/1927.htm",View Adobe Systems profile and job listings
"/media/Dados/bases/SWDE/job/job-hotjobs/0260.htm",View Manytomany Test profile and job listings
"/media/Dados/bases/SWDE/job/job-hotjobs/0980.htm",View CyberCoders profile and job listings
"/media/Dados/bases/SWDE/job/job-hotjobs/0880.htm",View Broadcom profile and job listings
"/media/Dados/bases/SWDE/job/job-hotjobs/1926.htm",View Pitney Bowes profile and job listings
"/media/Dados/bases/SWDE/job/job-hotjobs/0534.htm","View ACS, A Xerox Company profile and job listings"
"/media/Dados/bases/SWDE/job/job-hotjobs/1331.htm",View CyberCoders profile and job listings
"/media/Dados/bases/SWDE/job/job-hotjobs/1976.htm",View State of North Dakota profile and job listings
"/media/Dados/bases/SWDE/job/job-hotjobs/1087.htm",View CyberCoders profile and job listings
"/media/Dados/bases/SWDE/job/job-hotjobs/0464.htm",View Alloy Media + Marketing profile and job listings
"/media/Dados/bases/SWDE/job/job-hotjobs/1140.htm",View CyberCoders profile and job listings
"/media/Dados/bases/SWDE/job/job-hotjobs/1841.htm",View CyberCoders profile and job listings
"/media/Dados/bases/SWDE/job/job-hotjobs/1760.htm",View CyberCoders profile and job listings
"/media/Dados/bases/SWDE/job/job-hotjobs/1553.htm",View CyberCoders profile and job listings
"/media/Dados/bases/SWDE/job/job-hotjobs/1347.htm",View CyberCoders profile and job listings
"/media/Dados/bases/SWDE/job/job-hotjobs/0564.htm",View Intel profile and job listings
"/media/Dados/bases/SWDE/job/job-hotjobs/1002.htm",View CyberCoders profile and job listings
"/media/Dados/bases/SWDE/job/job-hotjobs/1328.htm",View CyberCoders profile and job listings
"/media/Dados/bases/SWDE/job/job-hotjobs/0289.htm",View Broadcom profile and job listings
"/media/Dados/bases/SWDE/job/job-hotjobs/1055.htm",View CyberCoders profile and job listings
"/media/Dados/bases/SWDE/job/job-hotjobs/0022.htm","View Artizen, Inc. profile and job listings"
"/media/Dados/bases/SWDE/job/job-hotjobs/1847.htm",View CyberCoders profile and job listings
"/media/Dados/bases/SWDE/job/job-hotjobs/1534.htm",View Google Inc. profile and job listings
"/media/Dados/bases/SWDE/job/job-hotjobs/1596.htm",View CyberCoders profile and job listings
"/media/Dados/bases/SWDE/job/job-hotjobs/1150.htm",View CyberCoders profile and job listings
"/media/Dados/bases/SWDE/job/job-hotjobs/1694.htm",View CyberCoders profile and job listings
"/media/Dados/bases/SWDE/job/job-hotjobs/0245.htm",View Fiserv Inc. profile and job listings
"/media/Dados/bases/SWDE/job/job-hotjobs/1573.htm",View CyberCoders profile and job listings
"/media/Dados/bases/SWDE/job/job-hotjobs/0726.htm",View Pangaia Partners profile and job listings
"/media/Dados/bases/SWDE/job/job-hotjobs/0184.htm",View ZanderGreen Technologies profile and job listings
"/media/Dados/bases/SWDE/job/job-hotjobs/1447.htm","View DIVERSANT, LLC profile and job listings"
"/media/Dados/bases/SWDE/job/job-hotjobs/1565.htm",View CyberCoders profile and job listings
"/media/Dados/bases/SWDE/job/job-hotjobs/1957.htm",View Qualcomm profile and job listings
"/media/Dados/bases/SWDE/job/job-hotjobs/1386.htm",View CyberCoders profile and job listings
"/media/Dados/bases/SWDE/job/job-hotjobs/0740.htm",View Project One Inc. profile and job listings
"/media/Dados/bases/SWDE/job/job-hotjobs/0103.htm",View Thor Group profile and job listings
"/media/Dados/bases/SWDE/job/job-hotjobs/1257.htm",View CyberCoders profile and job listings
"/media/Dados/bases/SWDE/job/job-hotjobs/1511.htm",View CyberCoders profile and job listings
"/media/Dados/bases/SWDE/job/job-hotjobs/0930.htm",View AT&T profile and job listings
"/media/Dados/bases/SWDE/job/job-hotjobs/1746.htm",View CyberCoders profile and job listings
"/media/Dados/bases/SWDE/job/job-hotjobs/0231.htm",View Technology Search International profile and job listings
"/media/Dados/bases/SWDE/job/job-hotjobs/0325.htm",View Google Inc. profile and job listings
"/media/Dados/bases/SWDE/job/job-hotjobs/1047.htm",View eBay Inc. profile and job listings
"/media/Dados/bases/SWDE/job/job-hotjobs/0237.htm","View Leader Communications, Inc. profile and job listings"
"/media/Dados/bases/SWDE/job/job-hotjobs/1086.htm",View North Carolina State University profile and job listings
"/media/Dados/bases/SWDE/job/job-hotjobs/1751.htm",View CyberCoders profile and job listings
"/media/Dados/bases/SWDE/job/job-hotjobs/1531.htm",View CyberCoders profile and job listings
"/media/Dados/bases/SWDE/job/job-hotjobs/1308.htm",View CyberCoders profile and job listings
"/media/Dados/bases/SWDE/job/job-hotjobs/1611.htm",View CyberCoders profile and job listings
"/media/Dados/bases/SWDE/job/job-hotjobs/0406.htm","View Autonomy, Inc. profile and job listings"
"/media/Dados/bases/SWDE/job/job-hotjobs/1029.htm",View CyberCoders profile and job listings
"/media/Dados/bases/SWDE/job/job-hotjobs/1239.htm",View CyberCoders profile and job listings
"/media/Dados/bases/SWDE/job/job-hotjobs/1147.htm",View CyberCoders profile and job listings
"/media/Dados/bases/SWDE/job/job-hotjobs/0554.htm",View Prism Partners profile and job listings
"/media/Dados/bases/SWDE/job/job-hotjobs/1956.htm",View Long Beach Memorial Medical Center and Miller Children's Hospital profile and job listings
"/media/Dados/bases/SWDE/job/job-hotjobs/1504.htm",View CyberCoders profile and job listings
"/media/Dados/bases/SWDE/job/job-hotjobs/1758.htm",View CyberCoders profile and job listings
"/media/Dados/bases/SWDE/job/job-hotjobs/1525.htm",View CyberCoders profile and job listings
"/media/Dados/bases/SWDE/job/job-hotjobs/1170.htm",View CyberCoders profile and job listings
"/media/Dados/bases/SWDE/job/job-hotjobs/0051.htm",View Navy Recruiting profile and job listings
"/media/Dados/bases/SWDE/job/job-hotjobs/1367.htm",View CyberCoders profile and job listings
"/media/Dados/bases/SWDE/job/job-hotjobs/1399.htm",View CyberCoders profile and job listings
"/media/Dados/bases/SWDE/job/job-hotjobs/1742.htm",View CyberCoders profile and job listings
"/media/Dados/bases/SWDE/job/job-hotjobs/0327.htm",View Agfa Corporation profile and job listings
"/media/Dados/bases/SWDE/job/job-hotjobs/0907.htm",View CyberCoders profile and job listings
"/media/Dados/bases/SWDE/job/job-hotjobs/1275.htm",View CyberCoders profile and job listings
"/media/Dados/bases/SWDE/job/job-hotjobs/1622.htm",View AT&T profile and job listings
"/media/Dados/bases/SWDE/job/job-hotjobs/1560.htm",View CyberCoders profile and job listings
"/media/Dados/bases/SWDE/job/job-hotjobs/1012.htm",View Baytech Solutions profile and job listings
"/media/Dados/bases/SWDE/job/job-hotjobs/1955.htm",View Qualcomm profile and job listings
"/media/Dados/bases/SWDE/job/job-hotjobs/1780.htm",View CyberCoders profile and job listings
"/media/Dados/bases/SWDE/job/job-hotjobs/0825.htm","View ACS, A Xerox Company profile and job listings"
"/media/Dados/bases/SWDE/job/job-hotjobs/1966.htm","View Pexco, LLC. profile and job listings"
"/media/Dados/bases/SWDE/job/job-hotjobs/0709.htm",View Blackboard Inc. profile and job listings
"/media/Dados/bases/SWDE/job/job-hotjobs/1693.htm",View CyberCoders profile and job listings
"/media/Dados/bases/SWDE/job/job-hotjobs/0632.htm",View Comsys profile and job listings
"/media/Dados/bases/SWDE/job/job-hotjobs/1409.htm",View Ancestry.com profile and job listings
"/media/Dados/bases/SWDE/job/job-hotjobs/0190.htm",View PointClear profile and job listings
"/media/Dados/bases/SWDE/job/job-hotjobs/1988.htm",View Illinois State University profile and job listings
"/media/Dados/bases/SWDE/job/job-hotjobs/1912.htm",View AT&T profile and job listings
"/media/Dados/bases/SWDE/job/job-hotjobs/1139.htm",View CyberCoders profile and job listings
"/media/Dados/bases/SWDE/job/job-hotjobs/0639.htm",View NVIDIA Corporation profile and job listings
"/media/Dados/bases/SWDE/job/job-hotjobs/0634.htm",View Image Solutions Inc. profile and job listings
"/media/Dados/bases/SWDE/job/job-hotjobs/0346.htm",View Broadcom profile and job listings
"/media/Dados/bases/SWDE/job/job-hotjobs/1893.htm",View CyberCoders profile and job listings
"/media/Dados/bases/SWDE/job/job-hotjobs/1842.htm",View CyberCoders profile and job listings
"/media/Dados/bases/SWDE/job/job-hotjobs/1672.htm",View CyberCoders profile and job listings
"/media/Dados/bases/SWDE/job/job-hotjobs/0381.htm",View NVIDIA Corporation profile and job listings
"/media/Dados/bases/SWDE/job/job-hotjobs/1890.htm",View CyberCoders profile and job listings
"/media/Dados/bases/SWDE/job/job-hotjobs/0461.htm","View WhamTech, Inc. profile and job listings"
"/media/Dados/bases/SWDE/job/job-hotjobs/0865.htm",View Digicon Corporation profile and job listings
"/media/Dados/bases/SWDE/job/job-hotjobs/1583.htm",View CyberCoders profile and job listings
"/media/Dados/bases/SWDE/job/job-hotjobs/1609.htm",View CyberCoders profile and job listings
"/media/Dados/bases/SWDE/job/job-hotjobs/1675.htm",View CyberCoders profile and job listings
"/media/Dados/bases/SWDE/job/job-hotjobs/1206.htm",View CyberCoders profile and job listings
"/media/Dados/bases/SWDE/job/job-hotjobs/1930.htm",View Adobe Systems profile and job listings
"/media/Dados/bases/SWDE/job/job-hotjobs/0130.htm","View Qualys, Inc. profile and job listings"
"/media/Dados/bases/SWDE/job/job-hotjobs/0007.htm","View Equinix, Inc profile and job listings"
"/media/Dados/bases/SWDE/job/job-hotjobs/1030.htm",View CyberCoders profile and job listings
"/media/Dados/bases/SWDE/job/job-hotjobs/0559.htm",View Summit Business Media profile and job listings
"/media/Dados/bases/SWDE/job/job-hotjobs/1126.htm",View CyberCoders profile and job listings
"/media/Dados/bases/SWDE/job/job-hotjobs/1541.htm",View CyberCoders profile and job listings
"/media/Dados/bases/SWDE/job/job-hotjobs/0917.htm",View CyberCoders profile and job listings
"/media/Dados/bases/SWDE/job/job-hotjobs/0123.htm",View Citadel L.L.C. profile and job listings
"/media/Dados/bases/SWDE/job/job-hotjobs/0950.htm",View CyberCoders profile and job listings
"/media/Dados/bases/SWDE/job/job-hotjobs/0258.htm",View TeamBradley Inc. profile and job listings
"/media/Dados/bases/SWDE/job/job-hotjobs/1272.htm",View CyberCoders profile and job listings
"/media/Dados/bases/SWDE/job/job-hotjobs/1216.htm",View Louis Dreyfus Commodities profile and job listings
"/media/Dados/bases/SWDE/job/job-hotjobs/0153.htm",View Hynes and Company profile and job listings
"/media/Dados/bases/SWDE/job/job-hotjobs/0444.htm","View ACS, A Xerox Company profile and job listings"
"/media/Dados/bases/SWDE/job/job-hotjobs/0084.htm",View Volt Workforce Solutions profile and job listings
"/media/Dados/bases/SWDE/job/job-hotjobs/1963.htm","View FINANCIAL NEURAL COMPUTING, INC. profile and job listings"
"/media/Dados/bases/SWDE/job/job-hotjobs/1381.htm",View CyberCoders profile and job listings
"/media/Dados/bases/SWDE/job/job-hotjobs/1069.htm",View CyberCoders profile and job listings
"/media/Dados/bases/SWDE/job/job-hotjobs/1659.htm",View CyberCoders profile and job listings
"/media/Dados/bases/SWDE/job/job-hotjobs/1242.htm",View CyberCoders profile and job listings
"/media/Dados/bases/SWDE/job/job-hotjobs/0472.htm","View CADimensions, Inc profile and job listings"
"/media/Dados/bases/SWDE/job/job-hotjobs/1153.htm",View CyberCoders profile and job listings
"/media/Dados/bases/SWDE/job/job-hotjobs/0843.htm",View Baytech Solutions profile and job listings
"/media/Dados/bases/SWDE/job/job-hotjobs/0717.htm",View Bowhead profile and job listings
"/media/Dados/bases/SWDE/job/job-hotjobs/0299.htm",View Atmel Corporation profile and job listings
"/media/Dados/bases/SWDE/job/job-hotjobs/0078.htm",View Walmart.com profile and job listings
"/media/Dados/bases/SWDE/job/job-hotjobs/0354.htm",View Life Technologies profile and job listings
"/media/Dados/bases/SWDE/job/job-hotjobs/0974.htm",View CyberCoders profile and job listings
"/media/Dados/bases/SWDE/job/job-hotjobs/1882.htm",View CyberCoders profile and job listings
"/media/Dados/bases/SWDE/job/job-hotjobs/0165.htm","View 3 Hti, LLC profile and job listings"
"/media/Dados/bases/SWDE/job/job-hotjobs/0741.htm",View Blackboard Inc. profile and job listings
"/media/Dados/bases/SWDE/job/job-hotjobs/1098.htm",View CyberCoders profile and job listings
"/media/Dados/bases/SWDE/job/job-hotjobs/1790.htm",View CyberCoders profile and job listings
"/media/Dados/bases/SWDE/job/job-hotjobs/1022.htm","View ACS, A Xerox Company profile and job listings"
"/media/Dados/bases/SWDE/job/job-hotjobs/0280.htm",View Volt Workforce Solutions profile and job listings
"/media/Dados/bases/SWDE/job/job-hotjobs/1950.htm",View Google Inc. profile and job listings
"/media/Dados/bases/SWDE/job/job-hotjobs/1134.htm",View CyberCoders profile and job listings
"/media/Dados/bases/SWDE/job/job-hotjobs/1711.htm",View CyberCoders profile and job listings
"/media/Dados/bases/SWDE/job/job-hotjobs/1549.htm",View CyberCoders profile and job listings
"/media/Dados/bases/SWDE/job/job-hotjobs/1310.htm",View CyberCoders profile and job listings
"/media/Dados/bases/SWDE/job/job-hotjobs/1650.htm",View Health Choice Network profile and job listings
"/media/Dados/bases/SWDE/job/job-hotjobs/0926.htm",View CyberCoders profile and job listings
"/media/Dados/bases/SWDE/job/job-hotjobs/0762.htm",View NVIDIA Corporation profile and job listings
"/media/Dados/bases/SWDE/job/job-hotjobs/0127.htm",View NVIDIA Corporation profile and job listings
"/media/Dados/bases/SWDE/job/job-hotjobs/1108.htm",View CyberCoders profile and job listings
"/media/Dados/bases/SWDE/job/job-hotjobs/0242.htm",View Chuck E. Cheese's profile and job listings
"/media/Dados/bases/SWDE/job/job-hotjobs/0837.htm",View Volt Workforce Solutions profile and job listings
"/media/Dados/bases/SWDE/job/job-hotjobs/1591.htm",View CyberCoders profile and job listings
"/media/Dados/bases/SWDE/job/job-hotjobs/0784.htm","View Skadden, Arps, Slate, Meagher & Flom LLP profile and job listings"
"/media/Dados/bases/SWDE/job/job-hotjobs/0977.htm",View CyberCoders profile and job listings
"/media/Dados/bases/SWDE/job/job-hotjobs/1732.htm",View CyberCoders profile and job listings
"/media/Dados/bases/SWDE/job/job-hotjobs/1948.htm",View Google Inc. profile and job listings
"/media/Dados/bases/SWDE/job/job-hotjobs/1815.htm",View CyberCoders profile and job listings
"/media/Dados/bases/SWDE/job/job-hotjobs/1568.htm",View CyberCoders profile and job listings
"/media/Dados/bases/SWDE/job/job-hotjobs/0939.htm",View eBay Inc. profile and job listings
"/media/Dados/bases/SWDE/job/job-hotjobs/0000.htm",View DUROPC profile and job listings
"/media/Dados/bases/SWDE/job/job-hotjobs/1244.htm",View CyberCoders profile and job listings
"/media/Dados/bases/SWDE/job/job-hotjobs/1798.htm",View CyberCoders profile and job listings
"/media/Dados/bases/SWDE/job/job-hotjobs/1483.htm",View CyberCoders profile and job listings
"/media/Dados/bases/SWDE/job/job-hotjobs/1885.htm",View CyberCoders profile and job listings
"/media/Dados/bases/SWDE/job/job-hotjobs/0166.htm",View Technology Search International profile and job listings
"/media/Dados/bases/SWDE/job/job-hotjobs/0079.htm",View American General Financial Services profile and job listings
"/media/Dados/bases/SWDE/job/job-hotjobs/1897.htm",View CyberCoders profile and job listings
"/media/Dados/bases/SWDE/job/job-hotjobs/1142.htm",View CyberCoders profile and job listings
"/media/Dados/bases/SWDE/job/job-hotjobs/0900.htm",View CyberCoders profile and job listings
"/media/Dados/bases/SWDE/job/job-hotjobs/1396.htm",View CyberCoders profile and job listings
"/media/Dados/bases/SWDE/job/job-hotjobs/1819.htm",View CyberCoders profile and job listings
"/media/Dados/bases/SWDE/job/job-hotjobs/1289.htm",View CyberCoders profile and job listings
"/media/Dados/bases/SWDE/job/job-hotjobs/0469.htm","View Palm, Inc. profile and job listings"
"/media/Dados/bases/SWDE/job/job-hotjobs/0473.htm","View ACS, A Xerox Company profile and job listings"
"/media/Dados/bases/SWDE/job/job-hotjobs/0813.htm",View Worldwide TechServices profile and job listings
"/media/Dados/bases/SWDE/job/job-hotjobs/0144.htm",View Volt Workforce Solutions profile and job listings
"/media/Dados/bases/SWDE/job/job-hotjobs/1496.htm",View AT&T profile and job listings
"/media/Dados/bases/SWDE/job/job-hotjobs/0586.htm","View ACS, A Xerox Company profile and job listings"
"/media/Dados/bases/SWDE/job/job-hotjobs/0967.htm",View CyberCoders profile and job listings
"/media/Dados/bases/SWDE/job/job-hotjobs/0193.htm",View ITT Visual Info Solutions profile and job listings
"/media/Dados/bases/SWDE/job/job-hotjobs/1515.htm",View CyberCoders profile and job listings
"/media/Dados/bases/SWDE/job/job-hotjobs/1592.htm",View CyberCoders profile and job listings
"/media/Dados/bases/SWDE/job/job-hotjobs/1679.htm",View CyberCoders profile and job listings
"/media/Dados/bases/SWDE/job/job-hotjobs/0065.htm",View Bloomingdale's profile and job listings
"/media/Dados/bases/SWDE/job/job-hotjobs/1607.htm",View CyberCoders profile and job listings
"/media/Dados/bases/SWDE/job/job-hotjobs/0062.htm",View COMAL COUNTY profile and job listings
"/media/Dados/bases/SWDE/job/job-hotjobs/1173.htm",View CyberCoders profile and job listings
"/media/Dados/bases/SWDE/job/job-hotjobs/0863.htm",View Terran Systems profile and job listings
"/media/Dados/bases/SWDE/job/job-hotjobs/0884.htm",View CyberCoders profile and job listings
"/media/Dados/bases/SWDE/job/job-hotjobs/0891.htm",View CyberCoders profile and job listings
"/media/Dados/bases/SWDE/job/job-hotjobs/1762.htm",View CyberCoders profile and job listings
"/media/Dados/bases/SWDE/job/job-hotjobs/1011.htm",View CyberCoders profile and job listings
"/media/Dados/bases/SWDE/job/job-hotjobs/0008.htm",View Anixter Inc. profile and job listings
"/media/Dados/bases/SWDE/job/job-hotjobs/1158.htm",View CyberCoders profile and job listings
"/media/Dados/bases/SWDE/job/job-hotjobs/0613.htm",View Global Networkers profile and job listings
"/media/Dados/bases/SWDE/job/job-hotjobs/0257.htm",View Colorado Resource Solutions profile and job listings
"/media/Dados/bases/SWDE/job/job-hotjobs/0430.htm",View Tiffany & Co. profile and job listings
"/media/Dados/bases/SWDE/job/job-hotjobs/0984.htm",View CyberCoders profile and job listings
"/media/Dados/bases/SWDE/job/job-hotjobs/1662.htm",View CyberCoders profile and job listings
"/media/Dados/bases/SWDE/job/job-hotjobs/0993.htm",View CyberCoders profile and job listings
"/media/Dados/bases/SWDE/job/job-hotjobs/1165.htm",View CyberCoders profile and job listings
"/media/Dados/bases/SWDE/job/job-hotjobs/1371.htm",View CyberCoders profile and job listings
"/media/Dados/bases/SWDE/job/job-hotjobs/1269.htm",View CyberCoders profile and job listings
"/media/Dados/bases/SWDE/job/job-hotjobs/1065.htm",View CyberCoders profile and job listings
"/media/Dados/bases/SWDE/job/job-hotjobs/0743.htm",View Vertical Info Tech LLC profile and job listings
"/media/Dados/bases/SWDE/job/job-hotjobs/1559.htm",View CyberCoders profile and job listings
"/media/Dados/bases/SWDE/job/job-hotjobs/0736.htm",View TECHEXPO Hiring Events profile and job listings
"/media/Dados/bases/SWDE/job/job-hotjobs/0987.htm",View CyberCoders profile and job listings
"/media/Dados/bases/SWDE/job/job-hotjobs/0395.htm",View Project One Inc. profile and job listings
"/media/Dados/bases/SWDE/job/job-hotjobs/1128.htm",View CyberCoders profile and job listings
"/media/Dados/bases/SWDE/job/job-hotjobs/1285.htm",View CyberCoders profile and job listings
"/media/Dados/bases/SWDE/job/job-hotjobs/0870.htm",View TechExcel profile and job listings
"/media/Dados/bases/SWDE/job/job-hotjobs/0207.htm",View Company Confidential profile and job listings
"/media/Dados/bases/SWDE/job/job-hotjobs/1332.htm",View CyberCoders profile and job listings
"/media/Dados/bases/SWDE/job/job-hotjobs/0052.htm",View COMAL COUNTY profile and job listings
"/media/Dados/bases/SWDE/job/job-hotjobs/0088.htm","View ACS, A Xerox Company profile and job listings"
"/media/Dados/bases/SWDE/job/job-hotjobs/1856.htm",View GravityPeople profile and job listings
"/media/Dados/bases/SWDE/job/job-hotjobs/1718.htm",View Pitney Bowes profile and job listings
"/media/Dados/bases/SWDE/job/job-hotjobs/1312.htm",View CyberCoders profile and job listings
"/media/Dados/bases/SWDE/job/job-hotjobs/1200.htm",View CyberCoders profile and job listings
"/media/Dados/bases/SWDE/job/job-hotjobs/1724.htm",View CyberCoders profile and job listings
"/media/Dados/bases/SWDE/job/job-hotjobs/0588.htm","View iM Practices, Inc. profile and job listings"
"/media/Dados/bases/SWDE/job/job-hotjobs/0681.htm",View Worldwide TechServices profile and job listings
"/media/Dados/bases/SWDE/job/job-hotjobs/1570.htm",View CyberCoders profile and job listings
"/media/Dados/bases/SWDE/job/job-hotjobs/0417.htm","View Headway Technologies, Inc. profile and job listings"
"/media/Dados/bases/SWDE/job/job-hotjobs/0954.htm",View CyberCoders profile and job listings
"/media/Dados/bases/SWDE/job/job-hotjobs/1623.htm",View CyberCoders profile and job listings
"/media/Dados/bases/SWDE/job/job-hotjobs/0943.htm",View CyberCoders profile and job listings
"/media/Dados/bases/SWDE/job/job-hotjobs/1462.htm",View CyberCoders profile and job listings
"/media/Dados/bases/SWDE/job/job-hotjobs/1753.htm",View CyberCoders profile and job listings
"/media/Dados/bases/SWDE/job/job-hotjobs/0046.htm",View Rabbit Office Automation profile and job listings
"/media/Dados/bases/SWDE/job/job-hotjobs/0582.htm",View Atmel Corporation profile and job listings
"/media/Dados/bases/SWDE/job/job-hotjobs/1180.htm",View CyberCoders profile and job listings
"/media/Dados/bases/SWDE/job/job-hotjobs/1661.htm",View CyberCoders profile and job listings
"/media/Dados/bases/SWDE/job/job-hotjobs/1581.htm",View CyberCoders profile and job listings
"/media/Dados/bases/SWDE/job/job-hotjobs/1166.htm",View CyberCoders profile and job listings
"/media/Dados/bases/SWDE/job/job-hotjobs/1891.htm",View CyberCoders profile and job listings
"/media/Dados/bases/SWDE/job/job-hotjobs/1358.htm",View CyberCoders profile and job listings
"/media/Dados/bases/SWDE/job/job-hotjobs/0218.htm",View Hynes and Company profile and job listings
"/media/Dados/bases/SWDE/job/job-hotjobs/0928.htm",View CyberCoders profile and job listings
"/media/Dados/bases/SWDE/job/job-hotjobs/1374.htm",View CyberCoders profile and job listings
"/media/Dados/bases/SWDE/job/job-hotjobs/1698.htm",View CyberCoders profile and job listings
"/media/Dados/bases/SWDE/job/job-hotjobs/1405.htm",View CyberCoders profile and job listings
"/media/Dados/bases/SWDE/job/job-hotjobs/0159.htm","View ACS, A Xerox Company profile and job listings"
"/media/Dados/bases/SWDE/job/job-hotjobs/0229.htm",View Technovision profile and job listings
"/media/Dados/bases/SWDE/job/job-hotjobs/1438.htm",View CyberCoders profile and job listings
"/media/Dados/bases/SWDE/job/job-hotjobs/0104.htm",View Image Associates profile and job listings
"/media/Dados/bases/SWDE/job/job-hotjobs/1597.htm",View CyberCoders profile and job listings
"/media/Dados/bases/SWDE/job/job-hotjobs/0336.htm",View Pro-Tech Search Inc. profile and job listings
"/media/Dados/bases/SWDE/job/job-hotjobs/1689.htm",View CyberCoders profile and job listings
"/media/Dados/bases/SWDE/job/job-hotjobs/1203.htm",View CyberCoders profile and job listings
"/media/Dados/bases/SWDE/job/job-hotjobs/1263.htm",View CyberCoders profile and job listings
"/media/Dados/bases/SWDE/job/job-hotjobs/0938.htm",View CyberCoders profile and job listings
"/media/Dados/bases/SWDE/job/job-hotjobs/1316.htm",View CyberCoders profile and job listings
"/media/Dados/bases/SWDE/job/job-hotjobs/1131.htm",View CyberCoders profile and job listings
"/media/Dados/bases/SWDE/job/job-hotjobs/0274.htm",View Broadcom profile and job listings
"/media/Dados/bases/SWDE/job/job-hotjobs/1861.htm",View LinkUs Enterprises Inc. profile and job listings
"/media/Dados/bases/SWDE/job/job-hotjobs/1306.htm",View CyberCoders profile and job listings
"/media/Dados/bases/SWDE/job/job-hotjobs/1629.htm",View CyberCoders profile and job listings
"/media/Dados/bases/SWDE/job/job-hotjobs/1187.htm",View CyberCoders profile and job listings
"/media/Dados/bases/SWDE/job/job-hotjobs/1254.htm",View CyberCoders profile and job listings
"/media/Dados/bases/SWDE/job/job-hotjobs/0819.htm",View Blackboard Inc. profile and job listings
"/media/Dados/bases/SWDE/job/job-hotjobs/1729.htm",View CyberCoders profile and job listings
"/media/Dados/bases/SWDE/job/job-hotjobs/0201.htm","View Proofpoint, Inc. profile and job listings"
"/media/Dados/bases/SWDE/job/job-hotjobs/1640.htm",View PointClear profile and job listings
"/media/Dados/bases/SWDE/job/job-hotjobs/1113.htm",View CyberCoders profile and job listings
"/media/Dados/bases/SWDE/job/job-hotjobs/1665.htm",View CyberCoders profile and job listings
"/media/Dados/bases/SWDE/job/job-hotjobs/1754.htm",View CyberCoders profile and job listings
"/media/Dados/bases/SWDE/job/job-hotjobs/0345.htm",View AT&T profile and job listings
"/media/Dados/bases/SWDE/job/job-hotjobs/0650.htm","View ACS, A Xerox Company profile and job listings"
"/media/Dados/bases/SWDE/job/job-hotjobs/0757.htm","View ACS, A Xerox Company profile and job listings"
"/media/Dados/bases/SWDE/job/job-hotjobs/1703.htm",View CyberCoders profile and job listings
"/media/Dados/bases/SWDE/job/job-hotjobs/1364.htm",View CyberCoders profile and job listings
"/media/Dados/bases/SWDE/job/job-hotjobs/0173.htm",View Quiring Associates profile and job listings
"/media/Dados/bases/SWDE/job/job-hotjobs/0795.htm","View ESURANCE INSURANCE SERVICES, INC. profile and job listings"
"/media/Dados/bases/SWDE/job/job-hotjobs/0108.htm",View eTouch Systems profile and job listings
"/media/Dados/bases/SWDE/job/job-hotjobs/1743.htm",View CyberCoders profile and job listings
"/media/Dados/bases/SWDE/job/job-hotjobs/0558.htm","View Arbonne International, LLC profile and job listings"
"/media/Dados/bases/SWDE/job/job-hotjobs/1967.htm",View Town of Jackson profile and job listings
"/media/Dados/bases/SWDE/job/job-hotjobs/1311.htm",View CyberCoders profile and job listings
"/media/Dados/bases/SWDE/job/job-hotjobs/1368.htm",View CyberCoders profile and job listings
"/media/Dados/bases/SWDE/job/job-hotjobs/0944.htm",View CyberCoders profile and job listings
"/media/Dados/bases/SWDE/job/job-hotjobs/0991.htm",View CyberCoders profile and job listings
"/media/Dados/bases/SWDE/job/job-hotjobs/1846.htm",View CyberCoders profile and job listings
"/media/Dados/bases/SWDE/job/job-hotjobs/1706.htm",View CyberCoders profile and job listings
"/media/Dados/bases/SWDE/job/job-hotjobs/0883.htm","View ACS, A Xerox Company profile and job listings"
"/media/Dados/bases/SWDE/job/job-hotjobs/0351.htm",View TechProse profile and job listings
"/media/Dados/bases/SWDE/job/job-hotjobs/1802.htm",View CyberCoders profile and job listings
"/media/Dados/bases/SWDE/job/job-hotjobs/1499.htm",View CyberCoders profile and job listings
"/media/Dados/bases/SWDE/job/job-hotjobs/1682.htm",View CyberCoders profile and job listings
"/media/Dados/bases/SWDE/job/job-hotjobs/1186.htm",View CyberCoders profile and job listings
"/media/Dados/bases/SWDE/job/job-hotjobs/1920.htm",View Adobe Systems profile and job listings
"/media/Dados/bases/SWDE/job/job-hotjobs/1376.htm",View CyberCoders profile and job listings
"/media/Dados/bases/SWDE/job/job-hotjobs/1101.htm",View CyberCoders profile and job listings
"/media/Dados/bases/SWDE/job/job-hotjobs/0044.htm",View NVIDIA Corporation profile and job listings
"/media/Dados/bases/SWDE/job/job-hotjobs/1470.htm",View CyberCoders profile and job listings
"/media/Dados/bases/SWDE/job/job-hotjobs/0945.htm",View CyberCoders profile and job listings
"/media/Dados/bases/SWDE/job/job-hotjobs/1382.htm",View CyberCoders profile and job listings
"/media/Dados/bases/SWDE/job/job-hotjobs/0635.htm",View Nuance Communications profile and job listings
"/media/Dados/bases/SWDE/job/job-hotjobs/1430.htm",View Systems Integration and Development profile and job listings
"/media/Dados/bases/SWDE/job/job-hotjobs/1286.htm",View CyberCoders profile and job listings
"/media/Dados/bases/SWDE/job/job-hotjobs/0578.htm",View Gregory Laka & Co. profile and job listings
"/media/Dados/bases/SWDE/job/job-hotjobs/1874.htm",View CyberCoders profile and job listings
"/media/Dados/bases/SWDE/job/job-hotjobs/1406.htm",View CyberCoders profile and job listings
"/media/Dados/bases/SWDE/job/job-hotjobs/0936.htm",View AT&T Interactive profile and job listings
"/media/Dados/bases/SWDE/job/job-hotjobs/1373.htm",View Google Inc. profile and job listings
"/media/Dados/bases/SWDE/job/job-hotjobs/1397.htm",View CyberCoders profile and job listings
"/media/Dados/bases/SWDE/job/job-hotjobs/0657.htm","View SiRF Technology, Inc profile and job listings"
"/media/Dados/bases/SWDE/job/job-hotjobs/1929.htm",View Google Inc. profile and job listings
"/media/Dados/bases/SWDE/job/job-hotjobs/1636.htm",View CyberCoders profile and job listings
"/media/Dados/bases/SWDE/job/job-hotjobs/1014.htm","View Artizen, Inc. profile and job listings"
"/media/Dados/bases/SWDE/job/job-hotjobs/0494.htm",View Stone Search profile and job listings
"/media/Dados/bases/SWDE/job/job-hotjobs/1839.htm",View CyberCoders profile and job listings
"/media/Dados/bases/SWDE/job/job-hotjobs/1484.htm",View CyberCoders profile and job listings
"/media/Dados/bases/SWDE/job/job-hotjobs/1642.htm","View ACS, A Xerox Company profile and job listings"
"/media/Dados/bases/SWDE/job/job-hotjobs/1320.htm",View Broadcom profile and job listings
"/media/Dados/bases/SWDE/job/job-hotjobs/1508.htm",View CyberCoders profile and job listings
"/media/Dados/bases/SWDE/job/job-hotjobs/0066.htm",View Volt Workforce Solutions profile and job listings
"/media/Dados/bases/SWDE/job/job-hotjobs/1053.htm",View CyberCoders profile and job listings
"/media/Dados/bases/SWDE/job/job-hotjobs/1463.htm",View CyberCoders profile and job listings
"/media/Dados/bases/SWDE/job/job-hotjobs/1415.htm",View CyberCoders profile and job listings
"/media/Dados/bases/SWDE/job/job-hotjobs/0070.htm",View Volt Workforce Solutions profile and job listings
"/media/Dados/bases/SWDE/job/job-hotjobs/1779.htm",View CyberCoders profile and job listings
"/media/Dados/bases/SWDE/job/job-hotjobs/1944.htm",View AT&T profile and job listings
"/media/Dados/bases/SWDE/job/job-hotjobs/0361.htm","View Proofpoint, Inc. profile and job listings"
"/media/Dados/bases/SWDE/job/job-hotjobs/1617.htm",View CyberCoders profile and job listings
"/media/Dados/bases/SWDE/job/job-hotjobs/0096.htm",View Citadel L.L.C. profile and job listings
"/media/Dados/bases/SWDE/job/job-hotjobs/1205.htm",View CyberCoders profile and job listings
"/media/Dados/bases/SWDE/job/job-hotjobs/0966.htm",View CyberCoders profile and job listings
"/media/Dados/bases/SWDE/job/job-hotjobs/1339.htm",View CyberCoders profile and job listings
"/media/Dados/bases/SWDE/job/job-hotjobs/1877.htm",View CyberCoders profile and job listings
"/media/Dados/bases/SWDE/job/job-hotjobs/1696.htm",View CyberCoders profile and job listings
"/media/Dados/bases/SWDE/job/job-hotjobs/1713.htm",View CyberCoders profile and job listings
"/media/Dados/bases/SWDE/job/job-hotjobs/0060.htm",View State of North Dakota profile and job listings
"/media/Dados/bases/SWDE/job/job-hotjobs/1179.htm",View CyberCoders profile and job listings
"/media/Dados/bases/SWDE/job/job-hotjobs/0365.htm",View Life Technologies profile and job listings
"/media/Dados/bases/SWDE/job/job-hotjobs/1593.htm",View CyberCoders profile and job listings
"/media/Dados/bases/SWDE/job/job-hotjobs/0923.htm",View CyberCoders profile and job listings
"/media/Dados/bases/SWDE/job/job-hotjobs/1567.htm",View CyberCoders profile and job listings
"/media/Dados/bases/SWDE/job/job-hotjobs/1727.htm",View CyberCoders profile and job listings
"/media/Dados/bases/SWDE/job/job-hotjobs/0386.htm",View Good Technology profile and job listings
"/media/Dados/bases/SWDE/job/job-hotjobs/1118.htm",View CyberCoders profile and job listings
"/media/Dados/bases/SWDE/job/job-hotjobs/1530.htm",View CyberCoders profile and job listings
"/media/Dados/bases/SWDE/job/job-hotjobs/0656.htm",View Worldwide TechServices profile and job listings
"/media/Dados/bases/SWDE/job/job-hotjobs/1667.htm",View CyberCoders profile and job listings
"/media/Dados/bases/SWDE/job/job-hotjobs/0092.htm","View ACS, A Xerox Company profile and job listings"
"/media/Dados/bases/SWDE/job/job-hotjobs/1208.htm",View CyberCoders profile and job listings
"/media/Dados/bases/SWDE/job/job-hotjobs/1536.htm",View CyberCoders profile and job listings
"/media/Dados/bases/SWDE/job/job-hotjobs/0312.htm","View ACS, A Xerox Company profile and job listings"
"/media/Dados/bases/SWDE/job/job-hotjobs/1987.htm",View MICROSOFT CORPORATION profile and job listings
"/media/Dados/bases/SWDE/job/job-hotjobs/0725.htm",View G.1440 profile and job listings
"/media/Dados/bases/SWDE/job/job-hotjobs/0901.htm",View CyberCoders profile and job listings
"/media/Dados/bases/SWDE/job/job-hotjobs/1227.htm",View CyberCoders profile and job listings
"/media/Dados/bases/SWDE/job/job-hotjobs/1437.htm",View CyberCoders profile and job listings
"/media/Dados/bases/SWDE/job/job-hotjobs/1335.htm",View CyberCoders profile and job listings
"/media/Dados/bases/SWDE/job/job-hotjobs/1389.htm",View Atmel Corporation profile and job listings
"/media/Dados/bases/SWDE/job/job-hotjobs/0300.htm",View Nuance Communications profile and job listings
"/media/Dados/bases/SWDE/job/job-hotjobs/0799.htm",View Nauticasoft profile and job listings
"/media/Dados/bases/SWDE/job/job-hotjobs/0167.htm",View ALASKA COMMISSION ON POSTSECONARY EDUCATION profile and job listings
"/media/Dados/bases/SWDE/job/job-hotjobs/1771.htm",View AT&T profile and job listings
"/media/Dados/bases/SWDE/job/job-hotjobs/1895.htm",View CyberCoders profile and job listings
"/media/Dados/bases/SWDE/job/job-hotjobs/1192.htm",View CyberCoders profile and job listings
"/media/Dados/bases/SWDE/job/job-hotjobs/1653.htm",View Knowledge Consulting Group profile and job listings
"/media/Dados/bases/SWDE/job/job-hotjobs/1494.htm",View CyberCoders profile and job listings
"/media/Dados/bases/SWDE/job/job-hotjobs/1507.htm",View CyberCoders profile and job listings
"/media/Dados/bases/SWDE/job/job-hotjobs/1853.htm","View Quadratics Systems, Inc. profile and job listings"
"/media/Dados/bases/SWDE/job/job-hotjobs/0703.htm","View ACS, A Xerox Company profile and job listings"
"/media/Dados/bases/SWDE/job/job-hotjobs/0965.htm",View CyberCoders profile and job listings
"/media/Dados/bases/SWDE/job/job-hotjobs/0308.htm",View UPS profile and job listings
"/media/Dados/bases/SWDE/job/job-hotjobs/0803.htm",View SanDisk profile and job listings
"/media/Dados/bases/SWDE/job/job-hotjobs/1018.htm",View Methodist Health System profile and job listings
"/media/Dados/bases/SWDE/job/job-hotjobs/1033.htm",View AT&T profile and job listings
"/media/Dados/bases/SWDE/job/job-hotjobs/1810.htm",View CyberCoders profile and job listings
"/media/Dados/bases/SWDE/job/job-hotjobs/0133.htm","View ACS, A Xerox Company profile and job listings"
"/media/Dados/bases/SWDE/job/job-hotjobs/1195.htm",View CyberCoders profile and job listings
"/media/Dados/bases/SWDE/job/job-hotjobs/0284.htm",View Pitney Bowes profile and job listings
"/media/Dados/bases/SWDE/job/job-hotjobs/1159.htm",View CyberCoders profile and job listings
"/media/Dados/bases/SWDE/job/job-hotjobs/1904.htm",View Research In Motion (RIM) profile and job listings
"/media/Dados/bases/SWDE/job/job-hotjobs/0033.htm",View Pitney Bowes profile and job listings
"/media/Dados/bases/SWDE/job/job-hotjobs/1625.htm",View CyberCoders profile and job listings
"/media/Dados/bases/SWDE/job/job-hotjobs/0599.htm",View OneTen Technologies profile and job listings
"/media/Dados/bases/SWDE/job/job-hotjobs/1009.htm",View CyberCoders profile and job listings
"/media/Dados/bases/SWDE/job/job-hotjobs/0579.htm",View Systems Integration and Development profile and job listings
"/media/Dados/bases/SWDE/job/job-hotjobs/0177.htm","View Artizen, Inc. profile and job listings"
"/media/Dados/bases/SWDE/job/job-hotjobs/1668.htm",View eBay Inc. profile and job listings
"/media/Dados/bases/SWDE/job/job-hotjobs/1109.htm",View CyberCoders profile and job listings
"/media/Dados/bases/SWDE/job/job-hotjobs/0569.htm","View Qualys, Inc. profile and job listings"
"/media/Dados/bases/SWDE/job/job-hotjobs/0832.htm",View Modicom profile and job listings
"/media/Dados/bases/SWDE/job/job-hotjobs/0372.htm",View Kenexa profile and job listings
"/media/Dados/bases/SWDE/job/job-hotjobs/1973.htm",View Hopi Telecom profile and job listings
"/media/Dados/bases/SWDE/job/job-hotjobs/1916.htm",View eBay Inc. profile and job listings
"/media/Dados/bases/SWDE/job/job-hotjobs/0162.htm",View Hynes and Company profile and job listings
"/media/Dados/bases/SWDE/job/job-hotjobs/1714.htm",View CyberCoders profile and job listings
"/media/Dados/bases/SWDE/job/job-hotjobs/1870.htm",View CyberCoders profile and job listings
"/media/Dados/bases/SWDE/job/job-hotjobs/0948.htm",View CyberCoders profile and job listings
"/media/Dados/bases/SWDE/job/job-hotjobs/1110.htm",View CyberCoders profile and job listings
"/media/Dados/bases/SWDE/job/job-hotjobs/0021.htm","View MEDITECH Medical Information Technology, Inc. profile and job listings"
"/media/Dados/bases/SWDE/job/job-hotjobs/1931.htm",View Broadcom profile and job listings
"/media/Dados/bases/SWDE/job/job-hotjobs/1635.htm",View CyberCoders profile and job listings
"/media/Dados/bases/SWDE/job/job-hotjobs/1725.htm",View CyberCoders profile and job listings
"/media/Dados/bases/SWDE/job/job-hotjobs/1881.htm",View CyberCoders profile and job listings
"/media/Dados/bases/SWDE/job/job-hotjobs/1813.htm",View CyberCoders profile and job listings
"/media/Dados/bases/SWDE/job/job-hotjobs/1151.htm",View CyberCoders profile and job listings
"/media/Dados/bases/SWDE/job/job-hotjobs/1105.htm",View CyberCoders profile and job listings
"/media/Dados/bases/SWDE/job/job-hotjobs/1791.htm",View CyberCoders profile and job listings
"/media/Dados/bases/SWDE/job/job-hotjobs/1290.htm",View CyberCoders profile and job listings
"/media/Dados/bases/SWDE/job/job-hotjobs/1857.htm",View The Astor Group (main card) profile and job listings
"/media/Dados/bases/SWDE/job/job-hotjobs/1660.htm",View CyberCoders profile and job listings
"/media/Dados/bases/SWDE/job/job-hotjobs/0782.htm",View Summit Microelectronics profile and job listings
"/media/Dados/bases/SWDE/job/job-hotjobs/0025.htm",View Confidential Employer profile and job listings
"/media/Dados/bases/SWDE/job/job-hotjobs/1262.htm",View Parsons Corporation profile and job listings
"/media/Dados/bases/SWDE/job/job-hotjobs/0282.htm",View Adobe Systems profile and job listings
"/media/Dados/bases/SWDE/job/job-hotjobs/1125.htm",View Adobe Systems profile and job listings
"/media/Dados/bases/SWDE/job/job-hotjobs/1248.htm",View CyberCoders profile and job listings
"/media/Dados/bases/SWDE/job/job-hotjobs/0614.htm",View Worldwide TechServices profile and job listings
"/media/Dados/bases/SWDE/job/job-hotjobs/0148.htm",View Volt Workforce Solutions profile and job listings
"/media/Dados/bases/SWDE/job/job-hotjobs/0339.htm",View Zenex Partners profile and job listings
"/media/Dados/bases/SWDE/job/job-hotjobs/0957.htm",View CyberCoders profile and job listings
"/media/Dados/bases/SWDE/job/job-hotjobs/1651.htm","View Palm, Inc. profile and job listings"
"/media/Dados/bases/SWDE/job/job-hotjobs/1355.htm",View CyberCoders profile and job listings
"/media/Dados/bases/SWDE/job/job-hotjobs/1709.htm",View CyberCoders profile and job listings
"/media/Dados/bases/SWDE/job/job-hotjobs/0942.htm",View CyberCoders profile and job listings
"/media/Dados/bases/SWDE/job/job-hotjobs/1632.htm",View CyberCoders profile and job listings
"/media/Dados/bases/SWDE/job/job-hotjobs/0455.htm",View Prism Partners profile and job listings
"/media/Dados/bases/SWDE/job/job-hotjobs/0286.htm",View Google Inc. profile and job listings
"/media/Dados/bases/SWDE/job/job-hotjobs/1887.htm",View CyberCoders profile and job listings
"/media/Dados/bases/SWDE/job/job-hotjobs/1340.htm",View CyberCoders profile and job listings
"/media/Dados/bases/SWDE/job/job-hotjobs/1137.htm",View eBay Inc. profile and job listings
"/media/Dados/bases/SWDE/job/job-hotjobs/0983.htm",View CyberCoders profile and job listings
"/media/Dados/bases/SWDE/job/job-hotjobs/1860.htm",View Dollar Tree Stores profile and job listings
"/media/Dados/bases/SWDE/job/job-hotjobs/1241.htm",View CyberCoders profile and job listings
"/media/Dados/bases/SWDE/job/job-hotjobs/0769.htm",View Pitney Bowes profile and job listings
"/media/Dados/bases/SWDE/job/job-hotjobs/1734.htm",View CyberCoders profile and job listings
"/media/Dados/bases/SWDE/job/job-hotjobs/0807.htm","View Tiger Information Systems, Inc. profile and job listings"
"/media/Dados/bases/SWDE/job/job-hotjobs/0027.htm",View The St. Louis College of Health Careers profile and job listings
"/media/Dados/bases/SWDE/job/job-hotjobs/0892.htm",View CyberCoders profile and job listings
"/media/Dados/bases/SWDE/job/job-hotjobs/0598.htm",View A.H. Belo profile and job listings
"/media/Dados/bases/SWDE/job/job-hotjobs/0463.htm","View ACS, A Xerox Company profile and job listings"
"/media/Dados/bases/SWDE/job/job-hotjobs/1863.htm","View POWER Engineers, Inc. profile and job listings"
"/media/Dados/bases/SWDE/job/job-hotjobs/1606.htm",View CyberCoders profile and job listings
"/media/Dados/bases/SWDE/job/job-hotjobs/0708.htm",View Volt Workforce Solutions profile and job listings
"/media/Dados/bases/SWDE/job/job-hotjobs/0407.htm",View NVIDIA Corporation profile and job listings
"/media/Dados/bases/SWDE/job/job-hotjobs/1260.htm",View CyberCoders profile and job listings
"/media/Dados/bases/SWDE/job/job-hotjobs/1491.htm",View CyberCoders profile and job listings
"/media/Dados/bases/SWDE/job/job-hotjobs/0838.htm",View Baytech Solutions profile and job listings
"/media/Dados/bases/SWDE/job/job-hotjobs/0522.htm",View Unum profile and job listings
"/media/Dados/bases/SWDE/job/job-hotjobs/0968.htm",View CyberCoders profile and job listings
"/media/Dados/bases/SWDE/job/job-hotjobs/0798.htm",View OneTen Technologies profile and job listings
"/media/Dados/bases/SWDE/job/job-hotjobs/1183.htm",View CyberCoders profile and job listings
"/media/Dados/bases/SWDE/job/job-hotjobs/1823.htm",View Google Inc. profile and job listings
"/media/Dados/bases/SWDE/job/job-hotjobs/1338.htm",View CyberCoders profile and job listings
"/media/Dados/bases/SWDE/job/job-hotjobs/1146.htm",View CyberCoders profile and job listings
"/media/Dados/bases/SWDE/job/job-hotjobs/1162.htm",View CyberCoders profile and job listings
"/media/Dados/bases/SWDE/job/job-hotjobs/1175.htm",View CyberCoders profile and job listings
"/media/Dados/bases/SWDE/job/job-hotjobs/1818.htm",View CyberCoders profile and job listings
"/media/Dados/bases/SWDE/job/job-hotjobs/0285.htm",View Parsons Corporation profile and job listings
"/media/Dados/bases/SWDE/job/job-hotjobs/1574.htm",View CyberCoders profile and job listings
"/media/Dados/bases/SWDE/job/job-hotjobs/0016.htm",View Diversified Technical Solutions profile and job listings
"/media/Dados/bases/SWDE/job/job-hotjobs/1314.htm",View CyberCoders profile and job listings
"/media/Dados/bases/SWDE/job/job-hotjobs/0236.htm",View Modicom profile and job listings
"/media/Dados/bases/SWDE/job/job-hotjobs/1299.htm",View CyberCoders profile and job listings
"/media/Dados/bases/SWDE/job/job-hotjobs/0973.htm",View CyberCoders profile and job listings
"/media/Dados/bases/SWDE/job/job-hotjobs/1428.htm",View Atmel Corporation profile and job listings
"/media/Dados/bases/SWDE/job/job-hotjobs/1490.htm",View The Hartford Financial Services Group Inc profile and job listings
"/media/Dados/bases/SWDE/job/job-hotjobs/0375.htm","View ACS, A Xerox Company profile and job listings"
"/media/Dados/bases/SWDE/job/job-hotjobs/0811.htm","View ACS, A Xerox Company profile and job listings"
"/media/Dados/bases/SWDE/job/job-hotjobs/0420.htm",View LabCorp profile and job listings
"/media/Dados/bases/SWDE/job/job-hotjobs/0155.htm",View Hynes and Company profile and job listings
"/media/Dados/bases/SWDE/job/job-hotjobs/1356.htm",View CyberCoders profile and job listings
"/media/Dados/bases/SWDE/job/job-hotjobs/0208.htm",View Open Solutions Inc. profile and job listings
"/media/Dados/bases/SWDE/job/job-hotjobs/1411.htm",View Adobe Systems profile and job listings
"/media/Dados/bases/SWDE/job/job-hotjobs/1295.htm",View CyberCoders profile and job listings
"/media/Dados/bases/SWDE/job/job-hotjobs/1236.htm",View CyberCoders profile and job listings
"/media/Dados/bases/SWDE/job/job-hotjobs/0273.htm",View AT&T profile and job listings
"/media/Dados/bases/SWDE/job/job-hotjobs/1888.htm",View Broadcom profile and job listings
"/media/Dados/bases/SWDE/job/job-hotjobs/1249.htm",View CyberCoders profile and job listings
"/media/Dados/bases/SWDE/job/job-hotjobs/1587.htm",View CyberCoders profile and job listings
"/media/Dados/bases/SWDE/job/job-hotjobs/1168.htm",View CyberCoders profile and job listings
"/media/Dados/bases/SWDE/job/job-hotjobs/1297.htm",View CyberCoders profile and job listings
"/media/Dados/bases/SWDE/job/job-hotjobs/0073.htm","View ACS, A Xerox Company profile and job listings"
"/media/Dados/bases/SWDE/job/job-hotjobs/0468.htm","View Albin Engineering Services, Inc. profile and job listings"
"/media/Dados/bases/SWDE/job/job-hotjobs/0911.htm",View CyberCoders profile and job listings
"/media/Dados/bases/SWDE/job/job-hotjobs/0924.htm",View CyberCoders profile and job listings
"/media/Dados/bases/SWDE/job/job-hotjobs/1152.htm",View CyberCoders profile and job listings
"/media/Dados/bases/SWDE/job/job-hotjobs/1663.htm",View CyberCoders profile and job listings
"/media/Dados/bases/SWDE/job/job-hotjobs/0481.htm",View netPolarity profile and job listings
"/media/Dados/bases/SWDE/job/job-hotjobs/0958.htm",View CyberCoders profile and job listings
"/media/Dados/bases/SWDE/job/job-hotjobs/1978.htm","View ERP Logic, Inc. profile and job listings"
"/media/Dados/bases/SWDE/job/job-hotjobs/0397.htm",View Lincoln Journal Star profile and job listings
"/media/Dados/bases/SWDE/job/job-hotjobs/0516.htm","View eNamix, Inc. profile and job listings"
"/media/Dados/bases/SWDE/job/job-hotjobs/0306.htm",View The University of Texas System profile and job listings
"/media/Dados/bases/SWDE/job/job-hotjobs/0271.htm",View Volt Workforce Solutions profile and job listings
"/media/Dados/bases/SWDE/job/job-hotjobs/1717.htm",View CyberCoders profile and job listings
"/media/Dados/bases/SWDE/job/job-hotjobs/1291.htm",View CyberCoders profile and job listings
"/media/Dados/bases/SWDE/job/job-hotjobs/0992.htm",View CyberCoders profile and job listings
"/media/Dados/bases/SWDE/job/job-hotjobs/0015.htm",View Broadcom profile and job listings
"/media/Dados/bases/SWDE/job/job-hotjobs/0057.htm",View Softpath System LLC profile and job listings
"/media/Dados/bases/SWDE/job/job-hotjobs/0506.htm",View Intersil Corp. profile and job listings
"/media/Dados/bases/SWDE/job/job-hotjobs/0640.htm",View Volt Workforce Solutions profile and job listings
"/media/Dados/bases/SWDE/job/job-hotjobs/1388.htm",View CyberCoders profile and job listings
"/media/Dados/bases/SWDE/job/job-hotjobs/1658.htm",View CyberCoders profile and job listings
"/media/Dados/bases/SWDE/job/job-hotjobs/0732.htm",View Lone Star College System profile and job listings
"/media/Dados/bases/SWDE/job/job-hotjobs/1548.htm",View CyberCoders profile and job listings
"/media/Dados/bases/SWDE/job/job-hotjobs/0661.htm",View A Prime Solution profile and job listings
"/media/Dados/bases/SWDE/job/job-hotjobs/1313.htm",View CyberCoders profile and job listings
"/media/Dados/bases/SWDE/job/job-hotjobs/0574.htm",View Company Confidential profile and job listings
"/media/Dados/bases/SWDE/job/job-hotjobs/0623.htm",View Unspecified profile and job listings
"/media/Dados/bases/SWDE/job/job-hotjobs/0781.htm","View ACS, A Xerox Company profile and job listings"
"/media/Dados/bases/SWDE/job/job-hotjobs/0881.htm",View Platinum Consultants profile and job listings
"/media/Dados/bases/SWDE/job/job-hotjobs/1169.htm",View CyberCoders profile and job listings
"/media/Dados/bases/SWDE/job/job-hotjobs/0765.htm",View Fiserv Inc. profile and job listings
"/media/Dados/bases/SWDE/job/job-hotjobs/0267.htm",View Atchison Staffing profile and job listings
"/media/Dados/bases/SWDE/job/job-hotjobs/0154.htm",View Hynes and Company profile and job listings
"/media/Dados/bases/SWDE/job/job-hotjobs/1716.htm",View CyberCoders profile and job listings
"/media/Dados/bases/SWDE/job/job-hotjobs/1253.htm",View CyberCoders profile and job listings
"/media/Dados/bases/SWDE/job/job-hotjobs/1304.htm",View CyberCoders profile and job listings
"/media/Dados/bases/SWDE/job/job-hotjobs/1345.htm",View CyberCoders profile and job listings
"/media/Dados/bases/SWDE/job/job-hotjobs/1781.htm",View CyberCoders profile and job listings
"/media/Dados/bases/SWDE/job/job-hotjobs/0215.htm",View Synergy America profile and job listings
"/media/Dados/bases/SWDE/job/job-hotjobs/1552.htm",View CyberCoders profile and job listings
"/media/Dados/bases/SWDE/job/job-hotjobs/0986.htm",View CyberCoders profile and job listings
"/media/Dados/bases/SWDE/job/job-hotjobs/0812.htm",View Xyratex International profile and job listings
"/media/Dados/bases/SWDE/job/job-hotjobs/0871.htm","View Adara Networks, Inc. profile and job listings"
"/media/Dados/bases/SWDE/job/job-hotjobs/1579.htm",View CyberCoders profile and job listings
"/media/Dados/bases/SWDE/job/job-hotjobs/1774.htm",View CyberCoders profile and job listings
"/media/Dados/bases/SWDE/job/job-hotjobs/0850.htm",View ZanderMax Technologies profile and job listings
"/media/Dados/bases/SWDE/job/job-hotjobs/1070.htm",View CyberCoders profile and job listings
"/media/Dados/bases/SWDE/job/job-hotjobs/1922.htm",View Google Inc. profile and job listings
"/media/Dados/bases/SWDE/job/job-hotjobs/0761.htm",View AT&T profile and job listings
"/media/Dados/bases/SWDE/job/job-hotjobs/1738.htm",View CyberCoders profile and job listings
"/media/Dados/bases/SWDE/job/job-hotjobs/1911.htm",View CHW-Corp. profile and job listings
"/media/Dados/bases/SWDE/job/job-hotjobs/1805.htm",View CyberCoders profile and job listings
"/media/Dados/bases/SWDE/job/job-hotjobs/0101.htm",View REINHART profile and job listings
"/media/Dados/bases/SWDE/job/job-hotjobs/1080.htm",View CyberCoders profile and job listings
"/media/Dados/bases/SWDE/job/job-hotjobs/0246.htm","View Leader Communications, Inc. profile and job listings"
"/media/Dados/bases/SWDE/job/job-hotjobs/0158.htm",View Volt Workforce Solutions profile and job listings
"/media/Dados/bases/SWDE/job/job-hotjobs/0341.htm",View Del Monte Foods Company profile and job listings
"/media/Dados/bases/SWDE/job/job-hotjobs/0011.htm","View Empire Distributors, Inc. profile and job listings"
"/media/Dados/bases/SWDE/job/job-hotjobs/1487.htm",View CyberCoders profile and job listings
"/media/Dados/bases/SWDE/job/job-hotjobs/1795.htm",View CyberCoders profile and job listings
"/media/Dados/bases/SWDE/job/job-hotjobs/1075.htm",View CyberCoders profile and job listings
"/media/Dados/bases/SWDE/job/job-hotjobs/0556.htm",View Our365 profile and job listings
"/media/Dados/bases/SWDE/job/job-hotjobs/1620.htm",View CyberCoders profile and job listings
"/media/Dados/bases/SWDE/job/job-hotjobs/1319.htm",View CyberCoders profile and job listings
"/media/Dados/bases/SWDE/job/job-hotjobs/1056.htm",View CyberCoders profile and job listings
"/media/Dados/bases/SWDE/job/job-hotjobs/0862.htm","View Cornerstone OnDemand, Inc. profile and job listings"
"/media/Dados/bases/SWDE/job/job-hotjobs/1610.htm",View Google Inc. profile and job listings
"/media/Dados/bases/SWDE/job/job-hotjobs/0438.htm",View Precision Contracting profile and job listings
"/media/Dados/bases/SWDE/job/job-hotjobs/0137.htm",View Odyssey House profile and job listings
"/media/Dados/bases/SWDE/job/job-hotjobs/1529.htm",View CyberCoders profile and job listings
"/media/Dados/bases/SWDE/job/job-hotjobs/1197.htm",View CyberCoders profile and job listings
"/media/Dados/bases/SWDE/job/job-hotjobs/1516.htm",View CyberCoders profile and job listings
"/media/Dados/bases/SWDE/job/job-hotjobs/1452.htm",View CyberCoders profile and job listings
"/media/Dados/bases/SWDE/job/job-hotjobs/0771.htm",View F1 Systems profile and job listings
"/media/Dados/bases/SWDE/job/job-hotjobs/0264.htm",View Technology Search International profile and job listings
"/media/Dados/bases/SWDE/job/job-hotjobs/1301.htm",View CyberCoders profile and job listings
"/media/Dados/bases/SWDE/job/job-hotjobs/0366.htm",View Adobe Systems profile and job listings
"/media/Dados/bases/SWDE/job/job-hotjobs/0279.htm","View Quest Software, Inc. profile and job listings"
"/media/Dados/bases/SWDE/job/job-hotjobs/0940.htm",View CyberCoders profile and job listings
"/media/Dados/bases/SWDE/job/job-hotjobs/1224.htm",View Diversified Technical Solutions profile and job listings
"/media/Dados/bases/SWDE/job/job-hotjobs/0737.htm",View Capital Markets Placement profile and job listings
"/media/Dados/bases/SWDE/job/job-hotjobs/1138.htm",View CyberCoders profile and job listings
"/media/Dados/bases/SWDE/job/job-hotjobs/0619.htm","View ACS, A Xerox Company profile and job listings"
"/media/Dados/bases/SWDE/job/job-hotjobs/0503.htm",View ESS profile and job listings
"/media/Dados/bases/SWDE/job/job-hotjobs/0410.htm",View Interactive Data Corporation profile and job listings
"/media/Dados/bases/SWDE/job/job-hotjobs/0334.htm",View Systems Integration and Development profile and job listings
"/media/Dados/bases/SWDE/job/job-hotjobs/0597.htm",View Google Inc. profile and job listings
"/media/Dados/bases/SWDE/job/job-hotjobs/1678.htm",View CyberCoders profile and job listings
"/media/Dados/bases/SWDE/job/job-hotjobs/1807.htm",View CyberCoders profile and job listings
"/media/Dados/bases/SWDE/job/job-hotjobs/1557.htm",View CyberCoders profile and job listings
"/media/Dados/bases/SWDE/job/job-hotjobs/0435.htm",View LoganBritton Inc. profile and job listings
"/media/Dados/bases/SWDE/job/job-hotjobs/1184.htm",View CyberCoders profile and job listings
"/media/Dados/bases/SWDE/job/job-hotjobs/0521.htm","View Acentron, Inc profile and job listings"
"/media/Dados/bases/SWDE/job/job-hotjobs/0756.htm",View Nison Technical Resources profile and job listings
"/media/Dados/bases/SWDE/job/job-hotjobs/0139.htm",View Volt Workforce Solutions profile and job listings
"/media/Dados/bases/SWDE/job/job-hotjobs/1418.htm",View Justice Federal Credit Union profile and job listings
"/media/Dados/bases/SWDE/job/job-hotjobs/0971.htm",View CyberCoders profile and job listings
"/media/Dados/bases/SWDE/job/job-hotjobs/1578.htm",View CyberCoders profile and job listings
"/media/Dados/bases/SWDE/job/job-hotjobs/1059.htm",View CyberCoders profile and job listings
"/media/Dados/bases/SWDE/job/job-hotjobs/1460.htm",View CyberCoders profile and job listings
"/media/Dados/bases/SWDE/job/job-hotjobs/1940.htm","View DIVERSANT, LLC profile and job listings"
"/media/Dados/bases/SWDE/job/job-hotjobs/1673.htm",View CyberCoders profile and job listings
"/media/Dados/bases/SWDE/job/job-hotjobs/0689.htm",View Worldwide TechServices profile and job listings
"/media/Dados/bases/SWDE/job/job-hotjobs/1943.htm",View Social and Scientific Systems profile and job listings
"/media/Dados/bases/SWDE/job/job-hotjobs/0142.htm",View Volt Workforce Solutions profile and job listings
"/media/Dados/bases/SWDE/job/job-hotjobs/0181.htm",View Edgewood Management Group profile and job listings
"/media/Dados/bases/SWDE/job/job-hotjobs/1132.htm",View CyberCoders profile and job listings
"/media/Dados/bases/SWDE/job/job-hotjobs/0059.htm",View ISR Info Way profile and job listings
"/media/Dados/bases/SWDE/job/job-hotjobs/1258.htm",View CyberSource Corporation profile and job listings
"/media/Dados/bases/SWDE/job/job-hotjobs/0527.htm",View Fiserv profile and job listings
"/media/Dados/bases/SWDE/job/job-hotjobs/0779.htm",View Infosemantics Inc. profile and job listings
"/media/Dados/bases/SWDE/job/job-hotjobs/0197.htm",View Synergy America profile and job listings
"/media/Dados/bases/SWDE/job/job-hotjobs/1984.htm",View UW Biotechnology Center profile and job listings
"/media/Dados/bases/SWDE/job/job-hotjobs/0680.htm","View The Computer Merchant, Ltd. profile and job listings"
"/media/Dados/bases/SWDE/job/job-hotjobs/0919.htm",View CyberCoders profile and job listings
"/media/Dados/bases/SWDE/job/job-hotjobs/0324.htm",View Atmel Corporation profile and job listings
"/media/Dados/bases/SWDE/job/job-hotjobs/1903.htm",View CyberCoders profile and job listings
"/media/Dados/bases/SWDE/job/job-hotjobs/1060.htm",View CyberCoders profile and job listings
"/media/Dados/bases/SWDE/job/job-hotjobs/0557.htm",View US Tech Solutions Inc. profile and job listings
"/media/Dados/bases/SWDE/job/job-hotjobs/0668.htm",View Koa Networks profile and job listings
"/media/Dados/bases/SWDE/job/job-hotjobs/1493.htm",View CyberCoders profile and job listings
"/media/Dados/bases/SWDE/job/job-hotjobs/0003.htm",View MN State College SE Technical profile and job listings
"/media/Dados/bases/SWDE/job/job-hotjobs/0328.htm","View Novo Nordisk, Inc. profile and job listings"
"/media/Dados/bases/SWDE/job/job-hotjobs/1485.htm",View CyberCoders profile and job listings
"/media/Dados/bases/SWDE/job/job-hotjobs/1472.htm",View Google Inc. profile and job listings
"/media/Dados/bases/SWDE/job/job-hotjobs/1608.htm",View Atmel Corporation profile and job listings
"/media/Dados/bases/SWDE/job/job-hotjobs/1715.htm",View CyberCoders profile and job listings
"/media/Dados/bases/SWDE/job/job-hotjobs/0459.htm","View 40hrs, inc. profile and job listings"
"/media/Dados/bases/SWDE/job/job-hotjobs/0996.htm",View Atmel Corporation profile and job listings
"/media/Dados/bases/SWDE/job/job-hotjobs/0608.htm",View MetroHealth Medical Center profile and job listings
"/media/Dados/bases/SWDE/job/job-hotjobs/1505.htm",View CyberCoders profile and job listings
"/media/Dados/bases/SWDE/job/job-hotjobs/1563.htm",View CyberCoders profile and job listings
"/media/Dados/bases/SWDE/job/job-hotjobs/0126.htm",View The University of Kansas profile and job listings
"/media/Dados/bases/SWDE/job/job-hotjobs/1061.htm",View CyberCoders profile and job listings
"/media/Dados/bases/SWDE/job/job-hotjobs/1537.htm",View Google Inc. profile and job listings
"/media/Dados/bases/SWDE/job/job-hotjobs/1580.htm",View CyberCoders profile and job listings
"/media/Dados/bases/SWDE/job/job-hotjobs/1680.htm",View CyberCoders profile and job listings
"/media/Dados/bases/SWDE/job/job-hotjobs/1204.htm",View CyberCoders profile and job listings
"/media/Dados/bases/SWDE/job/job-hotjobs/0844.htm","View ACS, A Xerox Company profile and job listings"
"/media/Dados/bases/SWDE/job/job-hotjobs/0816.htm","View POWER Engineers, Inc. profile and job listings"
"/media/Dados/bases/SWDE/job/job-hotjobs/1233.htm",View CyberCoders profile and job listings
"/media/Dados/bases/SWDE/job/job-hotjobs/1309.htm",View CyberCoders profile and job listings
"/media/Dados/bases/SWDE/job/job-hotjobs/0364.htm",View Life Technologies profile and job listings
"/media/Dados/bases/SWDE/job/job-hotjobs/0163.htm",View Hynes and Company profile and job listings
"/media/Dados/bases/SWDE/job/job-hotjobs/0951.htm",View CyberCoders profile and job listings
"/media/Dados/bases/SWDE/job/job-hotjobs/1466.htm",View CyberCoders profile and job listings
"/media/Dados/bases/SWDE/job/job-hotjobs/1001.htm",View CyberCoders profile and job listings
"/media/Dados/bases/SWDE/job/job-hotjobs/0357.htm",View Leslie's Swimming Pool Supplies profile and job listings
"/media/Dados/bases/SWDE/job/job-hotjobs/1163.htm",View CyberCoders profile and job listings
"/media/Dados/bases/SWDE/job/job-hotjobs/1081.htm",View CyberCoders profile and job listings
"/media/Dados/bases/SWDE/job/job-hotjobs/1095.htm",View CyberCoders profile and job listings
"/media/Dados/bases/SWDE/job/job-hotjobs/1942.htm","View DIVERSANT, LLC profile and job listings"
"/media/Dados/bases/SWDE/job/job-hotjobs/0914.htm",View CyberCoders profile and job listings
"/media/Dados/bases/SWDE/job/job-hotjobs/1506.htm",View Charles River Search profile and job listings
"/media/Dados/bases/SWDE/job/job-hotjobs/0638.htm",View Capital Markets Placement profile and job listings
"/media/Dados/bases/SWDE/job/job-hotjobs/1964.htm",View Will-Burt Company profile and job listings
"/media/Dados/bases/SWDE/job/job-hotjobs/1123.htm",View CyberCoders profile and job listings
"/media/Dados/bases/SWDE/job/job-hotjobs/1448.htm",View CyberCoders profile and job listings
"/media/Dados/bases/SWDE/job/job-hotjobs/0404.htm",View Advantage Technical Resourcing profile and job listings
"/media/Dados/bases/SWDE/job/job-hotjobs/0903.htm",View CyberCoders profile and job listings
"/media/Dados/bases/SWDE/job/job-hotjobs/0692.htm",View Starz Entertainment LLC profile and job listings
"/media/Dados/bases/SWDE/job/job-hotjobs/0528.htm","View ACS, A Xerox Company profile and job listings"
"/media/Dados/bases/SWDE/job/job-hotjobs/0275.htm",View Adobe Systems profile and job listings
"/media/Dados/bases/SWDE/job/job-hotjobs/1892.htm",View CyberCoders profile and job listings
"/media/Dados/bases/SWDE/job/job-hotjobs/0829.htm","View Zvelo, Inc. profile and job listings"
"/media/Dados/bases/SWDE/job/job-hotjobs/1451.htm",View CyberCoders profile and job listings
"/media/Dados/bases/SWDE/job/job-hotjobs/1756.htm",View CyberCoders profile and job listings
"/media/Dados/bases/SWDE/job/job-hotjobs/0120.htm",View Citadel L.L.C. profile and job listings
"/media/Dados/bases/SWDE/job/job-hotjobs/1522.htm",View CyberCoders profile and job listings
"/media/Dados/bases/SWDE/job/job-hotjobs/0906.htm",View CyberCoders profile and job listings
"/media/Dados/bases/SWDE/job/job-hotjobs/1062.htm",View CyberCoders profile and job listings
"/media/Dados/bases/SWDE/job/job-hotjobs/1041.htm",View CyberCoders profile and job listings
"/media/Dados/bases/SWDE/job/job-hotjobs/0085.htm",View Volt Workforce Solutions profile and job listings
"/media/Dados/bases/SWDE/job/job-hotjobs/1103.htm",View CyberCoders profile and job listings
"/media/Dados/bases/SWDE/job/job-hotjobs/1441.htm",View CyberCoders profile and job listings
"/media/Dados/bases/SWDE/job/job-hotjobs/1782.htm",View CyberCoders profile and job listings
"/media/Dados/bases/SWDE/job/job-hotjobs/1866.htm","View NES OVERSEAS USA, LLC profile and job listings"
"/media/Dados/bases/SWDE/job/job-hotjobs/1808.htm",View CyberCoders profile and job listings
"/media/Dados/bases/SWDE/job/job-hotjobs/1402.htm",View CyberCoders profile and job listings
"/media/Dados/bases/SWDE/job/job-hotjobs/1104.htm",View Google Inc. profile and job listings
"/media/Dados/bases/SWDE/job/job-hotjobs/1699.htm",View CyberCoders profile and job listings
"/media/Dados/bases/SWDE/job/job-hotjobs/0343.htm","View Corporate Consulting Services, Inc. profile and job listings"
"/media/Dados/bases/SWDE/job/job-hotjobs/1616.htm",View CyberCoders profile and job listings
"/media/Dados/bases/SWDE/job/job-hotjobs/1681.htm",View CyberCoders profile and job listings
"/media/Dados/bases/SWDE/job/job-hotjobs/0962.htm",View CyberCoders profile and job listings
"/media/Dados/bases/SWDE/job/job-hotjobs/0488.htm",View Koa Networks profile and job listings
"/media/Dados/bases/SWDE/job/job-hotjobs/0009.htm",View Volt Workforce Solutions profile and job listings
"/media/Dados/bases/SWDE/job/job-hotjobs/1778.htm",View CyberCoders profile and job listings
"/media/Dados/bases/SWDE/job/job-hotjobs/0350.htm",View Broadcom profile and job listings
"/media/Dados/bases/SWDE/job/job-hotjobs/0462.htm",View Koa Networks profile and job listings
"/media/Dados/bases/SWDE/job/job-hotjobs/1326.htm",View CyberCoders profile and job listings
"/media/Dados/bases/SWDE/job/job-hotjobs/0512.htm",View netPolarity profile and job listings
"/media/Dados/bases/SWDE/job/job-hotjobs/1198.htm",View CyberCoders profile and job listings
"/media/Dados/bases/SWDE/job/job-hotjobs/0239.htm",View Technology Search International profile and job listings
"/media/Dados/bases/SWDE/job/job-hotjobs/1997.htm",View Gordon Composites profile and job listings
"/media/Dados/bases/SWDE/job/job-hotjobs/0643.htm","View ACS, A Xerox Company profile and job listings"
"/media/Dados/bases/SWDE/job/job-hotjobs/1544.htm",View CyberCoders profile and job listings
"/media/Dados/bases/SWDE/job/job-hotjobs/1449.htm",View CyberCoders profile and job listings
"/media/Dados/bases/SWDE/job/job-hotjobs/0424.htm","View Palm, Inc. profile and job listings"
"/media/Dados/bases/SWDE/job/job-hotjobs/1354.htm",View CyberCoders profile and job listings
"/media/Dados/bases/SWDE/job/job-hotjobs/1947.htm",View Qualcomm profile and job listings
"/media/Dados/bases/SWDE/job/job-hotjobs/1747.htm",View CyberCoders profile and job listings
"/media/Dados/bases/SWDE/job/job-hotjobs/0565.htm",View TeleNav profile and job listings
"/media/Dados/bases/SWDE/job/job-hotjobs/0136.htm",View ISTS Worldwide Inc profile and job listings
"/media/Dados/bases/SWDE/job/job-hotjobs/1755.htm",View CyberCoders profile and job listings
"/media/Dados/bases/SWDE/job/job-hotjobs/1554.htm",View CyberCoders profile and job listings
"/media/Dados/bases/SWDE/job/job-hotjobs/1394.htm",View CyberCoders profile and job listings
"/media/Dados/bases/SWDE/job/job-hotjobs/0633.htm","View ACS, A Xerox Company profile and job listings"
"/media/Dados/bases/SWDE/job/job-hotjobs/0545.htm",View Ascendum profile and job listings
"/media/Dados/bases/SWDE/job/job-hotjobs/0908.htm",View CyberCoders profile and job listings
"/media/Dados/bases/SWDE/job/job-hotjobs/0256.htm",View LifeLink profile and job listings
"/media/Dados/bases/SWDE/job/job-hotjobs/1767.htm",View CyberCoders profile and job listings
"/media/Dados/bases/SWDE/job/job-hotjobs/1837.htm",View CyberCoders profile and job listings
"/media/Dados/bases/SWDE/job/job-hotjobs/0584.htm",View Farm Family Insurance Co. profile and job listings
"/media/Dados/bases/SWDE/job/job-hotjobs/1074.htm",View CyberCoders profile and job listings
"/media/Dados/bases/SWDE/job/job-hotjobs/1852.htm",View Dean Health System profile and job listings
"/media/Dados/bases/SWDE/job/job-hotjobs/1572.htm",View CyberCoders profile and job listings
"/media/Dados/bases/SWDE/job/job-hotjobs/1378.htm",View CyberCoders profile and job listings
