URL,EXTRACTED VALUE
"/media/Dados/bases/SWDE/restaurant/restaurant-tripadvisor/0675.htm","Jun 29, 2010"
"/media/Dados/bases/SWDE/restaurant/restaurant-tripadvisor/0640.htm","Sep 17, 2009"
"/media/Dados/bases/SWDE/restaurant/restaurant-tripadvisor/0323.htm","Jun 3, 2010"
"/media/Dados/bases/SWDE/restaurant/restaurant-tripadvisor/0520.htm","Oct 8, 2009"
"/media/Dados/bases/SWDE/restaurant/restaurant-tripadvisor/0703.htm","May 11, 2010"
"/media/Dados/bases/SWDE/restaurant/restaurant-tripadvisor/1329.htm","Aug 30, 2008"
"/media/Dados/bases/SWDE/restaurant/restaurant-tripadvisor/0513.htm","Jun 27, 2010"
"/media/Dados/bases/SWDE/restaurant/restaurant-tripadvisor/1484.htm","Apr 30, 2010"
"/media/Dados/bases/SWDE/restaurant/restaurant-tripadvisor/1444.htm","Jun 28, 2009"
"/media/Dados/bases/SWDE/restaurant/restaurant-tripadvisor/1127.htm","Aug 14, 2004"
"/media/Dados/bases/SWDE/restaurant/restaurant-tripadvisor/0594.htm","Oct 26, 2009"
"/media/Dados/bases/SWDE/restaurant/restaurant-tripadvisor/1441.htm","Aug 15, 2009"
"/media/Dados/bases/SWDE/restaurant/restaurant-tripadvisor/0726.htm","May 9, 2010"
"/media/Dados/bases/SWDE/restaurant/restaurant-tripadvisor/1388.htm","Oct 5, 2009"
"/media/Dados/bases/SWDE/restaurant/restaurant-tripadvisor/0937.htm","Jan 21, 2010"
"/media/Dados/bases/SWDE/restaurant/restaurant-tripadvisor/0642.htm","Jul 1, 2009"
"/media/Dados/bases/SWDE/restaurant/restaurant-tripadvisor/1205.htm","May 15, 2006"
"/media/Dados/bases/SWDE/restaurant/restaurant-tripadvisor/1079.htm","Aug 29, 2006"
"/media/Dados/bases/SWDE/restaurant/restaurant-tripadvisor/1295.htm","Dec 17, 2007"
"/media/Dados/bases/SWDE/restaurant/restaurant-tripadvisor/1139.htm","Jan 21, 2010"
"/media/Dados/bases/SWDE/restaurant/restaurant-tripadvisor/1508.htm","Jan 10, 2009"
"/media/Dados/bases/SWDE/restaurant/restaurant-tripadvisor/1727.htm","Feb 21, 2005"
"/media/Dados/bases/SWDE/restaurant/restaurant-tripadvisor/1718.htm","Feb 18, 2010"
"/media/Dados/bases/SWDE/restaurant/restaurant-tripadvisor/0365.htm","Feb 14, 2010"
"/media/Dados/bases/SWDE/restaurant/restaurant-tripadvisor/0765.htm","Sep 8, 2008"
"/media/Dados/bases/SWDE/restaurant/restaurant-tripadvisor/0532.htm","Feb 22, 2010"
"/media/Dados/bases/SWDE/restaurant/restaurant-tripadvisor/1442.htm","Jun 23, 2009"
"/media/Dados/bases/SWDE/restaurant/restaurant-tripadvisor/1717.htm","Jul 18, 2010"
"/media/Dados/bases/SWDE/restaurant/restaurant-tripadvisor/0531.htm","Dec 22, 2009"
"/media/Dados/bases/SWDE/restaurant/restaurant-tripadvisor/0434.htm","Feb 3, 2008"
"/media/Dados/bases/SWDE/restaurant/restaurant-tripadvisor/0929.htm","Apr 9, 2010"
"/media/Dados/bases/SWDE/restaurant/restaurant-tripadvisor/1141.htm","Dec 28, 2009"
"/media/Dados/bases/SWDE/restaurant/restaurant-tripadvisor/0896.htm","Jul 8, 2008"
"/media/Dados/bases/SWDE/restaurant/restaurant-tripadvisor/1245.htm","Jan 12, 2010"
"/media/Dados/bases/SWDE/restaurant/restaurant-tripadvisor/1644.htm","Mar 28, 2008"
"/media/Dados/bases/SWDE/restaurant/restaurant-tripadvisor/1343.htm","Feb 24, 2010"
"/media/Dados/bases/SWDE/restaurant/restaurant-tripadvisor/1446.htm","Apr 19, 2010"
"/media/Dados/bases/SWDE/restaurant/restaurant-tripadvisor/0009.htm","Jul 25, 2010"
"/media/Dados/bases/SWDE/restaurant/restaurant-tripadvisor/0634.htm","Mar 5, 2010"
"/media/Dados/bases/SWDE/restaurant/restaurant-tripadvisor/0712.htm","May 14, 2009"
"/media/Dados/bases/SWDE/restaurant/restaurant-tripadvisor/0328.htm","Apr 27, 2010"
"/media/Dados/bases/SWDE/restaurant/restaurant-tripadvisor/0658.htm","Mar 16, 2010"
"/media/Dados/bases/SWDE/restaurant/restaurant-tripadvisor/0039.htm","Jan 19, 2010"
"/media/Dados/bases/SWDE/restaurant/restaurant-tripadvisor/0639.htm","Jul 26, 2009"
"/media/Dados/bases/SWDE/restaurant/restaurant-tripadvisor/0516.htm","Jan 8, 2010"
"/media/Dados/bases/SWDE/restaurant/restaurant-tripadvisor/0028.htm","Jun 6, 2010"
"/media/Dados/bases/SWDE/restaurant/restaurant-tripadvisor/0785.htm","May 25, 2009"
"/media/Dados/bases/SWDE/restaurant/restaurant-tripadvisor/0550.htm","Sep 11, 2009"
"/media/Dados/bases/SWDE/restaurant/restaurant-tripadvisor/1278.htm","Feb 19, 2010"
"/media/Dados/bases/SWDE/restaurant/restaurant-tripadvisor/0750.htm","May 27, 2009"
"/media/Dados/bases/SWDE/restaurant/restaurant-tripadvisor/0325.htm","Jun 22, 2010"
"/media/Dados/bases/SWDE/restaurant/restaurant-tripadvisor/1179.htm","Jul 26, 2009"
"/media/Dados/bases/SWDE/restaurant/restaurant-tripadvisor/1800.htm","Sep 10, 2009"
"/media/Dados/bases/SWDE/restaurant/restaurant-tripadvisor/1143.htm","Sep 17, 2009"
"/media/Dados/bases/SWDE/restaurant/restaurant-tripadvisor/0710.htm","Jul 23, 2009"
"/media/Dados/bases/SWDE/restaurant/restaurant-tripadvisor/1634.htm","Aug 14, 2007"
"/media/Dados/bases/SWDE/restaurant/restaurant-tripadvisor/0773.htm","Apr 15, 2009"
"/media/Dados/bases/SWDE/restaurant/restaurant-tripadvisor/1726.htm","Mar 26, 2009"
"/media/Dados/bases/SWDE/restaurant/restaurant-tripadvisor/0581.htm","Aug 18, 2009"
"/media/Dados/bases/SWDE/restaurant/restaurant-tripadvisor/0008.htm","Jul 7, 2010"
"/media/Dados/bases/SWDE/restaurant/restaurant-tripadvisor/1544.htm","Mar 2, 2009"
"/media/Dados/bases/SWDE/restaurant/restaurant-tripadvisor/0836.htm","Apr 8, 2008"
"/media/Dados/bases/SWDE/restaurant/restaurant-tripadvisor/0955.htm","Jan 18, 2008"
"/media/Dados/bases/SWDE/restaurant/restaurant-tripadvisor/1554.htm","Aug 19, 2008"
"/media/Dados/bases/SWDE/restaurant/restaurant-tripadvisor/1749.htm","May 6, 2007"
"/media/Dados/bases/SWDE/restaurant/restaurant-tripadvisor/0099.htm","Jun 10, 2006"
"/media/Dados/bases/SWDE/restaurant/restaurant-tripadvisor/1189.htm","Jan 23, 2008"
"/media/Dados/bases/SWDE/restaurant/restaurant-tripadvisor/1401.htm","Aug 2, 2008"
"/media/Dados/bases/SWDE/restaurant/restaurant-tripadvisor/1844.htm","Jun 30, 2007"
"/media/Dados/bases/SWDE/restaurant/restaurant-tripadvisor/0806.htm","Sep 20, 2007"
"/media/Dados/bases/SWDE/restaurant/restaurant-tripadvisor/1412.htm","Jan 2, 2010"
"/media/Dados/bases/SWDE/restaurant/restaurant-tripadvisor/1711.htm","Apr 8, 2008"
"/media/Dados/bases/SWDE/restaurant/restaurant-tripadvisor/0728.htm","Jul 10, 2009"
"/media/Dados/bases/SWDE/restaurant/restaurant-tripadvisor/0617.htm","May 31, 2010"
"/media/Dados/bases/SWDE/restaurant/restaurant-tripadvisor/0957.htm","Dec 14, 2009"
"/media/Dados/bases/SWDE/restaurant/restaurant-tripadvisor/1371.htm","Mar 14, 2009"
"/media/Dados/bases/SWDE/restaurant/restaurant-tripadvisor/0005.htm","Jul 13, 2010"
"/media/Dados/bases/SWDE/restaurant/restaurant-tripadvisor/0898.htm","Feb 15, 2009"
"/media/Dados/bases/SWDE/restaurant/restaurant-tripadvisor/1653.htm","Oct 5, 2009"
"/media/Dados/bases/SWDE/restaurant/restaurant-tripadvisor/1522.htm","Apr 20, 2009"
"/media/Dados/bases/SWDE/restaurant/restaurant-tripadvisor/0094.htm","Aug 24, 2007"
"/media/Dados/bases/SWDE/restaurant/restaurant-tripadvisor/0525.htm","Jun 7, 2010"
"/media/Dados/bases/SWDE/restaurant/restaurant-tripadvisor/0089.htm","Feb 14, 2010"
"/media/Dados/bases/SWDE/restaurant/restaurant-tripadvisor/1835.htm","Sep 11, 2008"
"/media/Dados/bases/SWDE/restaurant/restaurant-tripadvisor/0533.htm","Dec 14, 2009"
"/media/Dados/bases/SWDE/restaurant/restaurant-tripadvisor/1336.htm","Feb 17, 2010"
"/media/Dados/bases/SWDE/restaurant/restaurant-tripadvisor/1700.htm","Jun 15, 2008"
"/media/Dados/bases/SWDE/restaurant/restaurant-tripadvisor/1563.htm","Mar 20, 2010"
"/media/Dados/bases/SWDE/restaurant/restaurant-tripadvisor/0022.htm","Jun 15, 2010"
"/media/Dados/bases/SWDE/restaurant/restaurant-tripadvisor/1370.htm","Nov 4, 2009"
"/media/Dados/bases/SWDE/restaurant/restaurant-tripadvisor/0538.htm","Feb 17, 2010"
"/media/Dados/bases/SWDE/restaurant/restaurant-tripadvisor/0091.htm","Nov 21, 2005"
"/media/Dados/bases/SWDE/restaurant/restaurant-tripadvisor/1716.htm","May 4, 2010"
"/media/Dados/bases/SWDE/restaurant/restaurant-tripadvisor/1063.htm","May 13, 2009"
"/media/Dados/bases/SWDE/restaurant/restaurant-tripadvisor/1437.htm","Jan 7, 2009"
"/media/Dados/bases/SWDE/restaurant/restaurant-tripadvisor/0660.htm","Oct 8, 2009"
"/media/Dados/bases/SWDE/restaurant/restaurant-tripadvisor/0966.htm","May 12, 2009"
"/media/Dados/bases/SWDE/restaurant/restaurant-tripadvisor/0020.htm","Jun 5, 2010"
"/media/Dados/bases/SWDE/restaurant/restaurant-tripadvisor/0707.htm","Oct 10, 2009"
"/media/Dados/bases/SWDE/restaurant/restaurant-tripadvisor/1347.htm","Mar 18, 2010"
"/media/Dados/bases/SWDE/restaurant/restaurant-tripadvisor/1581.htm","Nov 8, 2008"
"/media/Dados/bases/SWDE/restaurant/restaurant-tripadvisor/0263.htm","Sep 9, 2009"
"/media/Dados/bases/SWDE/restaurant/restaurant-tripadvisor/1623.htm","Aug 10, 2009"
"/media/Dados/bases/SWDE/restaurant/restaurant-tripadvisor/0636.htm","Jan 8, 2010"
"/media/Dados/bases/SWDE/restaurant/restaurant-tripadvisor/1860.htm","Apr 22, 2009"
"/media/Dados/bases/SWDE/restaurant/restaurant-tripadvisor/1775.htm","Jun 9, 2008"
"/media/Dados/bases/SWDE/restaurant/restaurant-tripadvisor/0014.htm","May 19, 2010"
"/media/Dados/bases/SWDE/restaurant/restaurant-tripadvisor/1377.htm","Mar 25, 2010"
"/media/Dados/bases/SWDE/restaurant/restaurant-tripadvisor/1533.htm","Jul 21, 2008"
"/media/Dados/bases/SWDE/restaurant/restaurant-tripadvisor/0224.htm","Nov 4, 2008"
"/media/Dados/bases/SWDE/restaurant/restaurant-tripadvisor/0095.htm","Feb 6, 2010"
"/media/Dados/bases/SWDE/restaurant/restaurant-tripadvisor/1418.htm","May 9, 2010"
"/media/Dados/bases/SWDE/restaurant/restaurant-tripadvisor/0848.htm","Feb 12, 2009"
"/media/Dados/bases/SWDE/restaurant/restaurant-tripadvisor/0616.htm","May 31, 2010"
"/media/Dados/bases/SWDE/restaurant/restaurant-tripadvisor/1232.htm","Jan 1, 2009"
"/media/Dados/bases/SWDE/restaurant/restaurant-tripadvisor/0729.htm","Jan 31, 2010"
"/media/Dados/bases/SWDE/restaurant/restaurant-tripadvisor/1096.htm","Sep 4, 2009"
"/media/Dados/bases/SWDE/restaurant/restaurant-tripadvisor/1472.htm","Dec 29, 2008"
"/media/Dados/bases/SWDE/restaurant/restaurant-tripadvisor/1403.htm","Feb 17, 2010"
"/media/Dados/bases/SWDE/restaurant/restaurant-tripadvisor/1535.htm","Mar 27, 2010"
"/media/Dados/bases/SWDE/restaurant/restaurant-tripadvisor/0996.htm","Apr 18, 2008"
"/media/Dados/bases/SWDE/restaurant/restaurant-tripadvisor/1255.htm","Mar 8, 2009"
"/media/Dados/bases/SWDE/restaurant/restaurant-tripadvisor/0632.htm","Sep 29, 2009"
"/media/Dados/bases/SWDE/restaurant/restaurant-tripadvisor/0041.htm","May 22, 2010"
"/media/Dados/bases/SWDE/restaurant/restaurant-tripadvisor/1635.htm","Jul 5, 2009"
"/media/Dados/bases/SWDE/restaurant/restaurant-tripadvisor/0528.htm","Feb 19, 2009"
"/media/Dados/bases/SWDE/restaurant/restaurant-tripadvisor/0163.htm","Aug 1, 2005"
"/media/Dados/bases/SWDE/restaurant/restaurant-tripadvisor/1722.htm","Apr 12, 2010"
"/media/Dados/bases/SWDE/restaurant/restaurant-tripadvisor/0651.htm","Mar 28, 2008"
"/media/Dados/bases/SWDE/restaurant/restaurant-tripadvisor/1099.htm","May 18, 2010"
"/media/Dados/bases/SWDE/restaurant/restaurant-tripadvisor/0514.htm","Apr 11, 2010"
"/media/Dados/bases/SWDE/restaurant/restaurant-tripadvisor/1967.htm","Apr 4, 2010"
"/media/Dados/bases/SWDE/restaurant/restaurant-tripadvisor/0414.htm","Jan 19, 2008"
"/media/Dados/bases/SWDE/restaurant/restaurant-tripadvisor/0619.htm","Mar 20, 2009"
"/media/Dados/bases/SWDE/restaurant/restaurant-tripadvisor/0023.htm","Jun 20, 2010"
"/media/Dados/bases/SWDE/restaurant/restaurant-tripadvisor/1399.htm","Jan 21, 2010"
"/media/Dados/bases/SWDE/restaurant/restaurant-tripadvisor/0768.htm","Nov 17, 2009"
"/media/Dados/bases/SWDE/restaurant/restaurant-tripadvisor/0148.htm","Mar 22, 2010"
"/media/Dados/bases/SWDE/restaurant/restaurant-tripadvisor/0940.htm","Jun 27, 2009"
"/media/Dados/bases/SWDE/restaurant/restaurant-tripadvisor/1568.htm","Jan 1, 2010"
"/media/Dados/bases/SWDE/restaurant/restaurant-tripadvisor/1724.htm","May 4, 2010"
"/media/Dados/bases/SWDE/restaurant/restaurant-tripadvisor/1629.htm","Jul 27, 2009"
"/media/Dados/bases/SWDE/restaurant/restaurant-tripadvisor/0446.htm","Mar 21, 2010"
"/media/Dados/bases/SWDE/restaurant/restaurant-tripadvisor/0051.htm","Dec 1, 2007"
"/media/Dados/bases/SWDE/restaurant/restaurant-tripadvisor/1350.htm","May 18, 2010"
"/media/Dados/bases/SWDE/restaurant/restaurant-tripadvisor/0759.htm","Jul 20, 2009"
"/media/Dados/bases/SWDE/restaurant/restaurant-tripadvisor/0269.htm","Feb 3, 2010"
"/media/Dados/bases/SWDE/restaurant/restaurant-tripadvisor/1479.htm","Jun 6, 2010"
"/media/Dados/bases/SWDE/restaurant/restaurant-tripadvisor/0458.htm","May 7, 2007"
"/media/Dados/bases/SWDE/restaurant/restaurant-tripadvisor/1825.htm","Jul 10, 2006"
"/media/Dados/bases/SWDE/restaurant/restaurant-tripadvisor/1841.htm","Apr 14, 2007"
"/media/Dados/bases/SWDE/restaurant/restaurant-tripadvisor/0329.htm","Mar 31, 2010"
"/media/Dados/bases/SWDE/restaurant/restaurant-tripadvisor/1300.htm","Apr 5, 2007"
"/media/Dados/bases/SWDE/restaurant/restaurant-tripadvisor/1073.htm","Apr 20, 2010"
"/media/Dados/bases/SWDE/restaurant/restaurant-tripadvisor/1721.htm","Nov 4, 2009"
"/media/Dados/bases/SWDE/restaurant/restaurant-tripadvisor/0718.htm","Jun 12, 2009"
"/media/Dados/bases/SWDE/restaurant/restaurant-tripadvisor/0630.htm","Oct 9, 2009"
"/media/Dados/bases/SWDE/restaurant/restaurant-tripadvisor/1625.htm","Dec 30, 2009"
"/media/Dados/bases/SWDE/restaurant/restaurant-tripadvisor/0563.htm","Mar 28, 2010"
"/media/Dados/bases/SWDE/restaurant/restaurant-tripadvisor/1142.htm","Oct 8, 2009"
"/media/Dados/bases/SWDE/restaurant/restaurant-tripadvisor/1121.htm","Mar 24, 2009"
"/media/Dados/bases/SWDE/restaurant/restaurant-tripadvisor/1247.htm","May 12, 2009"
"/media/Dados/bases/SWDE/restaurant/restaurant-tripadvisor/0024.htm","Mar 22, 2010"
"/media/Dados/bases/SWDE/restaurant/restaurant-tripadvisor/1004.htm","May 18, 2010"
"/media/Dados/bases/SWDE/restaurant/restaurant-tripadvisor/0250.htm","Jul 23, 2009"
"/media/Dados/bases/SWDE/restaurant/restaurant-tripadvisor/0656.htm","Jul 31, 2009"
"/media/Dados/bases/SWDE/restaurant/restaurant-tripadvisor/0223.htm","May 3, 2010"
"/media/Dados/bases/SWDE/restaurant/restaurant-tripadvisor/1100.htm","Apr 18, 2008"
"/media/Dados/bases/SWDE/restaurant/restaurant-tripadvisor/0392.htm","Apr 4, 2008"
"/media/Dados/bases/SWDE/restaurant/restaurant-tripadvisor/1366.htm","Jan 13, 2010"
"/media/Dados/bases/SWDE/restaurant/restaurant-tripadvisor/1898.htm","May 9, 2010"
"/media/Dados/bases/SWDE/restaurant/restaurant-tripadvisor/0970.htm","Mar 17, 2008"
"/media/Dados/bases/SWDE/restaurant/restaurant-tripadvisor/0394.htm","Jun 27, 2010"
"/media/Dados/bases/SWDE/restaurant/restaurant-tripadvisor/0040.htm","Jul 26, 2010"
"/media/Dados/bases/SWDE/restaurant/restaurant-tripadvisor/1569.htm","Dec 10, 2007"
"/media/Dados/bases/SWDE/restaurant/restaurant-tripadvisor/1235.htm","May 6, 2009"
"/media/Dados/bases/SWDE/restaurant/restaurant-tripadvisor/1689.htm","Sep 10, 2007"
"/media/Dados/bases/SWDE/restaurant/restaurant-tripadvisor/0674.htm","Aug 11, 2009"
"/media/Dados/bases/SWDE/restaurant/restaurant-tripadvisor/0049.htm","Aug 1, 2009"
"/media/Dados/bases/SWDE/restaurant/restaurant-tripadvisor/0086.htm","Mar 1, 2008"
"/media/Dados/bases/SWDE/restaurant/restaurant-tripadvisor/0539.htm","Jul 8, 2009"
"/media/Dados/bases/SWDE/restaurant/restaurant-tripadvisor/0143.htm","Sep 19, 2009"
"/media/Dados/bases/SWDE/restaurant/restaurant-tripadvisor/1170.htm","Jul 25, 2008"
"/media/Dados/bases/SWDE/restaurant/restaurant-tripadvisor/0544.htm","Feb 9, 2010"
"/media/Dados/bases/SWDE/restaurant/restaurant-tripadvisor/1885.htm","Apr 14, 2010"
"/media/Dados/bases/SWDE/restaurant/restaurant-tripadvisor/1566.htm","Dec 16, 2009"
"/media/Dados/bases/SWDE/restaurant/restaurant-tripadvisor/0612.htm","Nov 20, 2009"
"/media/Dados/bases/SWDE/restaurant/restaurant-tripadvisor/0865.htm","Jun 17, 2009"
"/media/Dados/bases/SWDE/restaurant/restaurant-tripadvisor/1014.htm","Jun 1, 2010"
"/media/Dados/bases/SWDE/restaurant/restaurant-tripadvisor/1038.htm","Jul 15, 2008"
"/media/Dados/bases/SWDE/restaurant/restaurant-tripadvisor/0406.htm","Apr 21, 2007"
"/media/Dados/bases/SWDE/restaurant/restaurant-tripadvisor/1720.htm","May 8, 2010"
"/media/Dados/bases/SWDE/restaurant/restaurant-tripadvisor/1216.htm","Feb 22, 2010"
"/media/Dados/bases/SWDE/restaurant/restaurant-tripadvisor/0602.htm","Nov 13, 2009"
"/media/Dados/bases/SWDE/restaurant/restaurant-tripadvisor/0991.htm","Jun 14, 2007"
"/media/Dados/bases/SWDE/restaurant/restaurant-tripadvisor/1013.htm","May 28, 2010"
"/media/Dados/bases/SWDE/restaurant/restaurant-tripadvisor/0637.htm","Dec 13, 2009"
"/media/Dados/bases/SWDE/restaurant/restaurant-tripadvisor/0866.htm","May 14, 2009"
"/media/Dados/bases/SWDE/restaurant/restaurant-tripadvisor/0355.htm","Jul 21, 2008"
"/media/Dados/bases/SWDE/restaurant/restaurant-tripadvisor/1688.htm","Jul 29, 2009"
"/media/Dados/bases/SWDE/restaurant/restaurant-tripadvisor/1690.htm","Jun 9, 2009"
"/media/Dados/bases/SWDE/restaurant/restaurant-tripadvisor/1793.htm","Jul 28, 2009"
"/media/Dados/bases/SWDE/restaurant/restaurant-tripadvisor/1138.htm","Dec 16, 2009"
"/media/Dados/bases/SWDE/restaurant/restaurant-tripadvisor/1097.htm","May 2, 2010"
"/media/Dados/bases/SWDE/restaurant/restaurant-tripadvisor/1715.htm","Jan 23, 2010"
"/media/Dados/bases/SWDE/restaurant/restaurant-tripadvisor/1417.htm","Jul 27, 2008"
"/media/Dados/bases/SWDE/restaurant/restaurant-tripadvisor/0827.htm","Jul 7, 2010"
"/media/Dados/bases/SWDE/restaurant/restaurant-tripadvisor/1443.htm","Jan 25, 2010"
"/media/Dados/bases/SWDE/restaurant/restaurant-tripadvisor/0526.htm","Dec 9, 2009"
"/media/Dados/bases/SWDE/restaurant/restaurant-tripadvisor/1414.htm","Feb 11, 2009"
"/media/Dados/bases/SWDE/restaurant/restaurant-tripadvisor/1359.htm","Dec 2, 2009"
"/media/Dados/bases/SWDE/restaurant/restaurant-tripadvisor/1335.htm","Apr 17, 2010"
"/media/Dados/bases/SWDE/restaurant/restaurant-tripadvisor/0033.htm","Jun 7, 2010"
"/media/Dados/bases/SWDE/restaurant/restaurant-tripadvisor/0264.htm","Mar 12, 2009"
"/media/Dados/bases/SWDE/restaurant/restaurant-tripadvisor/1008.htm","Apr 18, 2009"
"/media/Dados/bases/SWDE/restaurant/restaurant-tripadvisor/0025.htm","Jul 16, 2010"
"/media/Dados/bases/SWDE/restaurant/restaurant-tripadvisor/0938.htm","May 23, 2010"
"/media/Dados/bases/SWDE/restaurant/restaurant-tripadvisor/1530.htm","May 29, 2009"
"/media/Dados/bases/SWDE/restaurant/restaurant-tripadvisor/1582.htm","Apr 11, 2009"
"/media/Dados/bases/SWDE/restaurant/restaurant-tripadvisor/0545.htm","Jul 24, 2009"
"/media/Dados/bases/SWDE/restaurant/restaurant-tripadvisor/1267.htm","Mar 28, 2009"
"/media/Dados/bases/SWDE/restaurant/restaurant-tripadvisor/1352.htm","Jul 24, 2009"
"/media/Dados/bases/SWDE/restaurant/restaurant-tripadvisor/1626.htm","Apr 22, 2010"
"/media/Dados/bases/SWDE/restaurant/restaurant-tripadvisor/0176.htm","Jun 8, 2010"
"/media/Dados/bases/SWDE/restaurant/restaurant-tripadvisor/0032.htm","Feb 12, 2010"
"/media/Dados/bases/SWDE/restaurant/restaurant-tripadvisor/0762.htm","Sep 21, 2008"
"/media/Dados/bases/SWDE/restaurant/restaurant-tripadvisor/1901.htm","May 8, 2010"
"/media/Dados/bases/SWDE/restaurant/restaurant-tripadvisor/0244.htm","Feb 28, 2010"
"/media/Dados/bases/SWDE/restaurant/restaurant-tripadvisor/0251.htm","Dec 28, 2009"
"/media/Dados/bases/SWDE/restaurant/restaurant-tripadvisor/1447.htm","Sep 23, 2008"
"/media/Dados/bases/SWDE/restaurant/restaurant-tripadvisor/1349.htm","Sep 17, 2009"
"/media/Dados/bases/SWDE/restaurant/restaurant-tripadvisor/0013.htm","May 14, 2010"
"/media/Dados/bases/SWDE/restaurant/restaurant-tripadvisor/0755.htm","Aug 8, 2010"
"/media/Dados/bases/SWDE/restaurant/restaurant-tripadvisor/0723.htm","Jun 3, 2009"
"/media/Dados/bases/SWDE/restaurant/restaurant-tripadvisor/0771.htm","Oct 3, 2009"
"/media/Dados/bases/SWDE/restaurant/restaurant-tripadvisor/1076.htm","Jul 1, 2010"
"/media/Dados/bases/SWDE/restaurant/restaurant-tripadvisor/1173.htm","Jun 3, 2009"
"/media/Dados/bases/SWDE/restaurant/restaurant-tripadvisor/0055.htm","May 6, 2009"
"/media/Dados/bases/SWDE/restaurant/restaurant-tripadvisor/1660.htm","Mar 30, 2005"
"/media/Dados/bases/SWDE/restaurant/restaurant-tripadvisor/1798.htm","Oct 2, 2009"
"/media/Dados/bases/SWDE/restaurant/restaurant-tripadvisor/0179.htm","Nov 23, 2009"
"/media/Dados/bases/SWDE/restaurant/restaurant-tripadvisor/1420.htm","Mar 1, 2010"
"/media/Dados/bases/SWDE/restaurant/restaurant-tripadvisor/0518.htm","Jul 5, 2010"
"/media/Dados/bases/SWDE/restaurant/restaurant-tripadvisor/1792.htm","Mar 20, 2008"
"/media/Dados/bases/SWDE/restaurant/restaurant-tripadvisor/1872.htm","Aug 23, 2009"
"/media/Dados/bases/SWDE/restaurant/restaurant-tripadvisor/0017.htm","Oct 12, 2009"
"/media/Dados/bases/SWDE/restaurant/restaurant-tripadvisor/0219.htm","Jul 18, 2009"
"/media/Dados/bases/SWDE/restaurant/restaurant-tripadvisor/0724.htm","Jul 31, 2009"
"/media/Dados/bases/SWDE/restaurant/restaurant-tripadvisor/1525.htm","Jul 5, 2010"
"/media/Dados/bases/SWDE/restaurant/restaurant-tripadvisor/1153.htm","Apr 28, 2009"
"/media/Dados/bases/SWDE/restaurant/restaurant-tripadvisor/1687.htm","Apr 23, 2009"
"/media/Dados/bases/SWDE/restaurant/restaurant-tripadvisor/1550.htm","May 18, 2008"
"/media/Dados/bases/SWDE/restaurant/restaurant-tripadvisor/0565.htm","Dec 22, 2009"
"/media/Dados/bases/SWDE/restaurant/restaurant-tripadvisor/0734.htm","Jan 24, 2010"
"/media/Dados/bases/SWDE/restaurant/restaurant-tripadvisor/0584.htm","May 5, 2009"
"/media/Dados/bases/SWDE/restaurant/restaurant-tripadvisor/0018.htm","May 15, 2010"
"/media/Dados/bases/SWDE/restaurant/restaurant-tripadvisor/1144.htm","Mar 17, 2009"
"/media/Dados/bases/SWDE/restaurant/restaurant-tripadvisor/1802.htm","May 5, 2010"
"/media/Dados/bases/SWDE/restaurant/restaurant-tripadvisor/0036.htm","May 24, 2010"
"/media/Dados/bases/SWDE/restaurant/restaurant-tripadvisor/1233.htm","Feb 14, 2010"
"/media/Dados/bases/SWDE/restaurant/restaurant-tripadvisor/0512.htm","Jun 25, 2010"
"/media/Dados/bases/SWDE/restaurant/restaurant-tripadvisor/0217.htm","Jun 12, 2010"
"/media/Dados/bases/SWDE/restaurant/restaurant-tripadvisor/1912.htm","Mar 15, 2009"
"/media/Dados/bases/SWDE/restaurant/restaurant-tripadvisor/1391.htm","Oct 20, 2009"
"/media/Dados/bases/SWDE/restaurant/restaurant-tripadvisor/0733.htm","Oct 10, 2009"
"/media/Dados/bases/SWDE/restaurant/restaurant-tripadvisor/1002.htm","Mar 30, 2009"
"/media/Dados/bases/SWDE/restaurant/restaurant-tripadvisor/1155.htm","Jan 10, 2010"
"/media/Dados/bases/SWDE/restaurant/restaurant-tripadvisor/0559.htm","Jan 30, 2010"
"/media/Dados/bases/SWDE/restaurant/restaurant-tripadvisor/0722.htm","Jun 14, 2010"
"/media/Dados/bases/SWDE/restaurant/restaurant-tripadvisor/1836.htm","Mar 26, 2008"
"/media/Dados/bases/SWDE/restaurant/restaurant-tripadvisor/0293.htm","Apr 22, 2008"
"/media/Dados/bases/SWDE/restaurant/restaurant-tripadvisor/0756.htm","Dec 18, 2008"
"/media/Dados/bases/SWDE/restaurant/restaurant-tripadvisor/1526.htm","Aug 1, 2008"
"/media/Dados/bases/SWDE/restaurant/restaurant-tripadvisor/1010.htm","Jun 6, 2009"
"/media/Dados/bases/SWDE/restaurant/restaurant-tripadvisor/1547.htm","Dec 21, 2008"
"/media/Dados/bases/SWDE/restaurant/restaurant-tripadvisor/1570.htm","Jun 26, 2010"
"/media/Dados/bases/SWDE/restaurant/restaurant-tripadvisor/1297.htm","Dec 3, 2007"
"/media/Dados/bases/SWDE/restaurant/restaurant-tripadvisor/0731.htm","Jun 2, 2010"
"/media/Dados/bases/SWDE/restaurant/restaurant-tripadvisor/0757.htm","Sep 22, 2009"
"/media/Dados/bases/SWDE/restaurant/restaurant-tripadvisor/0696.htm","Oct 8, 2009"
"/media/Dados/bases/SWDE/restaurant/restaurant-tripadvisor/1452.htm","Jun 21, 2008"
"/media/Dados/bases/SWDE/restaurant/restaurant-tripadvisor/1338.htm","Oct 4, 2009"
"/media/Dados/bases/SWDE/restaurant/restaurant-tripadvisor/1797.htm","Mar 31, 2010"
"/media/Dados/bases/SWDE/restaurant/restaurant-tripadvisor/0004.htm","Jul 21, 2010"
"/media/Dados/bases/SWDE/restaurant/restaurant-tripadvisor/1788.htm","Jun 16, 2010"
"/media/Dados/bases/SWDE/restaurant/restaurant-tripadvisor/1424.htm","Mar 2, 2009"
"/media/Dados/bases/SWDE/restaurant/restaurant-tripadvisor/1413.htm","Apr 22, 2010"
"/media/Dados/bases/SWDE/restaurant/restaurant-tripadvisor/0000.htm","Aug 3, 2010"
"/media/Dados/bases/SWDE/restaurant/restaurant-tripadvisor/1072.htm","Apr 13, 2010"
"/media/Dados/bases/SWDE/restaurant/restaurant-tripadvisor/0326.htm","Jun 20, 2010"
"/media/Dados/bases/SWDE/restaurant/restaurant-tripadvisor/1075.htm","Sep 30, 2009"
"/media/Dados/bases/SWDE/restaurant/restaurant-tripadvisor/0618.htm","Mar 2, 2010"
"/media/Dados/bases/SWDE/restaurant/restaurant-tripadvisor/0741.htm","Dec 6, 2008"
"/media/Dados/bases/SWDE/restaurant/restaurant-tripadvisor/0766.htm","Dec 17, 2009"
"/media/Dados/bases/SWDE/restaurant/restaurant-tripadvisor/0110.htm","Apr 3, 2009"
"/media/Dados/bases/SWDE/restaurant/restaurant-tripadvisor/1529.htm","Feb 25, 2010"
"/media/Dados/bases/SWDE/restaurant/restaurant-tripadvisor/0106.htm","Jul 14, 2008"
"/media/Dados/bases/SWDE/restaurant/restaurant-tripadvisor/1438.htm","Jun 19, 2009"
"/media/Dados/bases/SWDE/restaurant/restaurant-tripadvisor/0255.htm","Feb 8, 2009"
"/media/Dados/bases/SWDE/restaurant/restaurant-tripadvisor/0735.htm","Sep 22, 2009"
"/media/Dados/bases/SWDE/restaurant/restaurant-tripadvisor/1753.htm","May 15, 2010"
"/media/Dados/bases/SWDE/restaurant/restaurant-tripadvisor/0832.htm","Aug 11, 2010"
"/media/Dados/bases/SWDE/restaurant/restaurant-tripadvisor/0629.htm","Dec 16, 2008"
"/media/Dados/bases/SWDE/restaurant/restaurant-tripadvisor/0786.htm","Jan 2, 2009"
"/media/Dados/bases/SWDE/restaurant/restaurant-tripadvisor/1454.htm","Aug 11, 2005"
"/media/Dados/bases/SWDE/restaurant/restaurant-tripadvisor/0622.htm","Jun 7, 2010"
"/media/Dados/bases/SWDE/restaurant/restaurant-tripadvisor/0826.htm","Jul 7, 2010"
"/media/Dados/bases/SWDE/restaurant/restaurant-tripadvisor/1033.htm","Sep 23, 2008"
"/media/Dados/bases/SWDE/restaurant/restaurant-tripadvisor/1182.htm","Nov 6, 2008"
"/media/Dados/bases/SWDE/restaurant/restaurant-tripadvisor/1565.htm","Dec 26, 2009"
"/media/Dados/bases/SWDE/restaurant/restaurant-tripadvisor/0016.htm","May 27, 2010"
"/media/Dados/bases/SWDE/restaurant/restaurant-tripadvisor/1782.htm","May 22, 2008"
"/media/Dados/bases/SWDE/restaurant/restaurant-tripadvisor/1897.htm","Feb 24, 2010"
"/media/Dados/bases/SWDE/restaurant/restaurant-tripadvisor/1633.htm","Jul 3, 2008"
"/media/Dados/bases/SWDE/restaurant/restaurant-tripadvisor/0324.htm","Jun 3, 2010"
"/media/Dados/bases/SWDE/restaurant/restaurant-tripadvisor/1664.htm","Sep 26, 2006"
"/media/Dados/bases/SWDE/restaurant/restaurant-tripadvisor/1242.htm","May 9, 2010"
"/media/Dados/bases/SWDE/restaurant/restaurant-tripadvisor/1415.htm","Feb 14, 2010"
"/media/Dados/bases/SWDE/restaurant/restaurant-tripadvisor/1428.htm","Jan 16, 2007"
"/media/Dados/bases/SWDE/restaurant/restaurant-tripadvisor/1806.htm","Sep 8, 2009"
"/media/Dados/bases/SWDE/restaurant/restaurant-tripadvisor/1198.htm","Jul 23, 2005"
"/media/Dados/bases/SWDE/restaurant/restaurant-tripadvisor/0034.htm","Jun 20, 2010"
"/media/Dados/bases/SWDE/restaurant/restaurant-tripadvisor/1870.htm","Nov 14, 2009"
"/media/Dados/bases/SWDE/restaurant/restaurant-tripadvisor/0185.htm","Oct 15, 2009"
"/media/Dados/bases/SWDE/restaurant/restaurant-tripadvisor/0599.htm","Feb 18, 2010"
"/media/Dados/bases/SWDE/restaurant/restaurant-tripadvisor/1990.htm","Feb 13, 2008"
"/media/Dados/bases/SWDE/restaurant/restaurant-tripadvisor/0730.htm","Nov 9, 2009"
"/media/Dados/bases/SWDE/restaurant/restaurant-tripadvisor/1422.htm","May 17, 2006"
"/media/Dados/bases/SWDE/restaurant/restaurant-tripadvisor/0240.htm","Feb 16, 2010"
"/media/Dados/bases/SWDE/restaurant/restaurant-tripadvisor/0259.htm","Jan 29, 2009"
"/media/Dados/bases/SWDE/restaurant/restaurant-tripadvisor/1426.htm","Jan 24, 2010"
"/media/Dados/bases/SWDE/restaurant/restaurant-tripadvisor/0483.htm","Dec 24, 2007"
"/media/Dados/bases/SWDE/restaurant/restaurant-tripadvisor/1621.htm","Mar 27, 2010"
"/media/Dados/bases/SWDE/restaurant/restaurant-tripadvisor/0321.htm","Jan 28, 2008"
"/media/Dados/bases/SWDE/restaurant/restaurant-tripadvisor/0494.htm","Jan 9, 2009"
"/media/Dados/bases/SWDE/restaurant/restaurant-tripadvisor/1972.htm","Oct 7, 2009"
"/media/Dados/bases/SWDE/restaurant/restaurant-tripadvisor/0447.htm","Dec 14, 2009"
"/media/Dados/bases/SWDE/restaurant/restaurant-tripadvisor/0125.htm","Aug 10, 2009"
"/media/Dados/bases/SWDE/restaurant/restaurant-tripadvisor/1803.htm","Aug 16, 2009"
"/media/Dados/bases/SWDE/restaurant/restaurant-tripadvisor/1669.htm","Nov 3, 2008"
"/media/Dados/bases/SWDE/restaurant/restaurant-tripadvisor/1593.htm","Feb 17, 2009"
"/media/Dados/bases/SWDE/restaurant/restaurant-tripadvisor/1799.htm","Nov 4, 2009"
"/media/Dados/bases/SWDE/restaurant/restaurant-tripadvisor/1381.htm","Nov 25, 2008"
"/media/Dados/bases/SWDE/restaurant/restaurant-tripadvisor/1357.htm","May 27, 2010"
"/media/Dados/bases/SWDE/restaurant/restaurant-tripadvisor/1624.htm","Jan 12, 2010"
"/media/Dados/bases/SWDE/restaurant/restaurant-tripadvisor/1140.htm","Oct 18, 2009"
"/media/Dados/bases/SWDE/restaurant/restaurant-tripadvisor/1487.htm","May 25, 2010"
"/media/Dados/bases/SWDE/restaurant/restaurant-tripadvisor/1017.htm","Aug 30, 2008"
"/media/Dados/bases/SWDE/restaurant/restaurant-tripadvisor/0927.htm","Jul 19, 2010"
"/media/Dados/bases/SWDE/restaurant/restaurant-tripadvisor/0557.htm","Apr 21, 2008"
"/media/Dados/bases/SWDE/restaurant/restaurant-tripadvisor/1402.htm","Mar 28, 2009"
"/media/Dados/bases/SWDE/restaurant/restaurant-tripadvisor/0519.htm","Feb 13, 2010"
"/media/Dados/bases/SWDE/restaurant/restaurant-tripadvisor/1827.htm","Feb 25, 2010"
"/media/Dados/bases/SWDE/restaurant/restaurant-tripadvisor/0010.htm","Jun 7, 2010"
"/media/Dados/bases/SWDE/restaurant/restaurant-tripadvisor/0928.htm","Mar 27, 2010"
"/media/Dados/bases/SWDE/restaurant/restaurant-tripadvisor/1011.htm","Jun 22, 2009"
"/media/Dados/bases/SWDE/restaurant/restaurant-tripadvisor/1471.htm","Apr 13, 2008"
"/media/Dados/bases/SWDE/restaurant/restaurant-tripadvisor/1436.htm","Feb 19, 2010"
"/media/Dados/bases/SWDE/restaurant/restaurant-tripadvisor/1524.htm","Feb 4, 2009"
"/media/Dados/bases/SWDE/restaurant/restaurant-tripadvisor/0078.htm","Sep 20, 2009"
"/media/Dados/bases/SWDE/restaurant/restaurant-tripadvisor/1098.htm","Jul 2, 2010"
"/media/Dados/bases/SWDE/restaurant/restaurant-tripadvisor/0114.htm","Mar 22, 2009"
"/media/Dados/bases/SWDE/restaurant/restaurant-tripadvisor/0552.htm","Oct 8, 2009"
"/media/Dados/bases/SWDE/restaurant/restaurant-tripadvisor/0641.htm","Nov 30, 2009"
"/media/Dados/bases/SWDE/restaurant/restaurant-tripadvisor/0077.htm","Jan 14, 2010"
"/media/Dados/bases/SWDE/restaurant/restaurant-tripadvisor/0510.htm","Jul 5, 2010"
"/media/Dados/bases/SWDE/restaurant/restaurant-tripadvisor/1719.htm","Jul 26, 2010"
"/media/Dados/bases/SWDE/restaurant/restaurant-tripadvisor/1429.htm","May 12, 2009"
"/media/Dados/bases/SWDE/restaurant/restaurant-tripadvisor/0132.htm","Jul 4, 2009"
"/media/Dados/bases/SWDE/restaurant/restaurant-tripadvisor/0736.htm","Aug 9, 2009"
"/media/Dados/bases/SWDE/restaurant/restaurant-tripadvisor/1733.htm","Oct 16, 2009"
"/media/Dados/bases/SWDE/restaurant/restaurant-tripadvisor/0824.htm","May 5, 2010"
"/media/Dados/bases/SWDE/restaurant/restaurant-tripadvisor/1334.htm","Mar 15, 2010"
"/media/Dados/bases/SWDE/restaurant/restaurant-tripadvisor/0292.htm","Feb 12, 2010"
"/media/Dados/bases/SWDE/restaurant/restaurant-tripadvisor/1212.htm","May 13, 2010"
"/media/Dados/bases/SWDE/restaurant/restaurant-tripadvisor/0277.htm","Jul 16, 2010"
"/media/Dados/bases/SWDE/restaurant/restaurant-tripadvisor/0745.htm","Mar 2, 2007"
"/media/Dados/bases/SWDE/restaurant/restaurant-tripadvisor/0590.htm","Mar 16, 2009"
"/media/Dados/bases/SWDE/restaurant/restaurant-tripadvisor/0423.htm","Nov 3, 2008"
"/media/Dados/bases/SWDE/restaurant/restaurant-tripadvisor/0549.htm","Sep 11, 2009"
"/media/Dados/bases/SWDE/restaurant/restaurant-tripadvisor/0822.htm","May 20, 2007"
"/media/Dados/bases/SWDE/restaurant/restaurant-tripadvisor/0536.htm","Apr 26, 2010"
"/media/Dados/bases/SWDE/restaurant/restaurant-tripadvisor/0046.htm","Aug 1, 2009"
"/media/Dados/bases/SWDE/restaurant/restaurant-tripadvisor/0922.htm","Sep 28, 2005"
"/media/Dados/bases/SWDE/restaurant/restaurant-tripadvisor/0181.htm","Jan 11, 2010"
"/media/Dados/bases/SWDE/restaurant/restaurant-tripadvisor/0535.htm","Apr 7, 2010"
"/media/Dados/bases/SWDE/restaurant/restaurant-tripadvisor/0548.htm","Dec 22, 2009"
"/media/Dados/bases/SWDE/restaurant/restaurant-tripadvisor/1164.htm","Jul 12, 2004"
"/media/Dados/bases/SWDE/restaurant/restaurant-tripadvisor/1077.htm","Jan 12, 2010"
"/media/Dados/bases/SWDE/restaurant/restaurant-tripadvisor/1367.htm","Aug 29, 2009"
"/media/Dados/bases/SWDE/restaurant/restaurant-tripadvisor/0271.htm","Nov 9, 2008"
"/media/Dados/bases/SWDE/restaurant/restaurant-tripadvisor/1339.htm","Feb 16, 2008"
"/media/Dados/bases/SWDE/restaurant/restaurant-tripadvisor/0258.htm","Feb 12, 2009"
"/media/Dados/bases/SWDE/restaurant/restaurant-tripadvisor/1638.htm","May 1, 2008"
"/media/Dados/bases/SWDE/restaurant/restaurant-tripadvisor/0037.htm","Jun 13, 2010"
"/media/Dados/bases/SWDE/restaurant/restaurant-tripadvisor/0522.htm","Jul 21, 2010"
"/media/Dados/bases/SWDE/restaurant/restaurant-tripadvisor/1411.htm","Oct 23, 2009"
"/media/Dados/bases/SWDE/restaurant/restaurant-tripadvisor/1384.htm","Jul 15, 2009"
"/media/Dados/bases/SWDE/restaurant/restaurant-tripadvisor/1263.htm","Jan 8, 2010"
"/media/Dados/bases/SWDE/restaurant/restaurant-tripadvisor/0038.htm","Jun 9, 2010"
"/media/Dados/bases/SWDE/restaurant/restaurant-tripadvisor/1580.htm","Oct 24, 2008"
"/media/Dados/bases/SWDE/restaurant/restaurant-tripadvisor/1641.htm","Aug 22, 2009"
"/media/Dados/bases/SWDE/restaurant/restaurant-tripadvisor/0149.htm","Jul 4, 2010"
"/media/Dados/bases/SWDE/restaurant/restaurant-tripadvisor/1789.htm","Apr 16, 2010"
"/media/Dados/bases/SWDE/restaurant/restaurant-tripadvisor/1636.htm","Mar 27, 2007"
"/media/Dados/bases/SWDE/restaurant/restaurant-tripadvisor/0830.htm","Jul 2, 2010"
"/media/Dados/bases/SWDE/restaurant/restaurant-tripadvisor/1340.htm","Feb 17, 2009"
"/media/Dados/bases/SWDE/restaurant/restaurant-tripadvisor/1873.htm","Dec 18, 2009"
"/media/Dados/bases/SWDE/restaurant/restaurant-tripadvisor/0101.htm","Sep 20, 2008"
"/media/Dados/bases/SWDE/restaurant/restaurant-tripadvisor/1161.htm","Dec 23, 2009"
"/media/Dados/bases/SWDE/restaurant/restaurant-tripadvisor/0787.htm","Jan 17, 2010"
"/media/Dados/bases/SWDE/restaurant/restaurant-tripadvisor/1346.htm","Nov 24, 2008"
"/media/Dados/bases/SWDE/restaurant/restaurant-tripadvisor/1107.htm","Aug 20, 2009"
"/media/Dados/bases/SWDE/restaurant/restaurant-tripadvisor/1573.htm","Aug 14, 2005"
"/media/Dados/bases/SWDE/restaurant/restaurant-tripadvisor/1439.htm","Aug 3, 2009"
"/media/Dados/bases/SWDE/restaurant/restaurant-tripadvisor/1801.htm","Nov 25, 2009"
"/media/Dados/bases/SWDE/restaurant/restaurant-tripadvisor/0362.htm","Jul 26, 2010"
"/media/Dados/bases/SWDE/restaurant/restaurant-tripadvisor/0205.htm","Oct 22, 2008"
"/media/Dados/bases/SWDE/restaurant/restaurant-tripadvisor/1241.htm","Feb 2, 2010"
"/media/Dados/bases/SWDE/restaurant/restaurant-tripadvisor/1833.htm","Dec 15, 2009"
"/media/Dados/bases/SWDE/restaurant/restaurant-tripadvisor/1893.htm","Feb 17, 2009"
"/media/Dados/bases/SWDE/restaurant/restaurant-tripadvisor/1115.htm","Apr 13, 2005"
"/media/Dados/bases/SWDE/restaurant/restaurant-tripadvisor/0598.htm","May 16, 2010"
"/media/Dados/bases/SWDE/restaurant/restaurant-tripadvisor/1003.htm","Jul 25, 2010"
"/media/Dados/bases/SWDE/restaurant/restaurant-tripadvisor/0031.htm","Aug 3, 2010"
"/media/Dados/bases/SWDE/restaurant/restaurant-tripadvisor/0967.htm","Oct 9, 2009"
"/media/Dados/bases/SWDE/restaurant/restaurant-tripadvisor/1071.htm","Jan 24, 2010"
"/media/Dados/bases/SWDE/restaurant/restaurant-tripadvisor/0665.htm","May 26, 2008"
"/media/Dados/bases/SWDE/restaurant/restaurant-tripadvisor/0808.htm","Jan 12, 2010"
"/media/Dados/bases/SWDE/restaurant/restaurant-tripadvisor/1365.htm","Oct 15, 2009"
"/media/Dados/bases/SWDE/restaurant/restaurant-tripadvisor/0631.htm","Mar 13, 2010"
"/media/Dados/bases/SWDE/restaurant/restaurant-tripadvisor/0019.htm","Jun 28, 2010"
"/media/Dados/bases/SWDE/restaurant/restaurant-tripadvisor/0941.htm","May 9, 2010"
"/media/Dados/bases/SWDE/restaurant/restaurant-tripadvisor/0577.htm","Jun 27, 2009"
"/media/Dados/bases/SWDE/restaurant/restaurant-tripadvisor/1864.htm","Aug 26, 2007"
"/media/Dados/bases/SWDE/restaurant/restaurant-tripadvisor/0842.htm","Dec 4, 2009"
"/media/Dados/bases/SWDE/restaurant/restaurant-tripadvisor/0045.htm","Apr 24, 2009"
"/media/Dados/bases/SWDE/restaurant/restaurant-tripadvisor/0021.htm","Mar 25, 2009"
"/media/Dados/bases/SWDE/restaurant/restaurant-tripadvisor/0012.htm","Jul 15, 2010"
"/media/Dados/bases/SWDE/restaurant/restaurant-tripadvisor/0646.htm","Dec 22, 2009"
"/media/Dados/bases/SWDE/restaurant/restaurant-tripadvisor/0930.htm","Apr 12, 2010"
"/media/Dados/bases/SWDE/restaurant/restaurant-tripadvisor/1450.htm","Dec 14, 2009"
"/media/Dados/bases/SWDE/restaurant/restaurant-tripadvisor/0561.htm","Apr 20, 2010"
"/media/Dados/bases/SWDE/restaurant/restaurant-tripadvisor/0044.htm","May 24, 2010"
"/media/Dados/bases/SWDE/restaurant/restaurant-tripadvisor/0256.htm","Jan 16, 2009"
"/media/Dados/bases/SWDE/restaurant/restaurant-tripadvisor/1174.htm","Feb 25, 2009"
"/media/Dados/bases/SWDE/restaurant/restaurant-tripadvisor/0595.htm","Sep 26, 2009"
"/media/Dados/bases/SWDE/restaurant/restaurant-tripadvisor/0042.htm","Mar 18, 2010"
"/media/Dados/bases/SWDE/restaurant/restaurant-tripadvisor/1670.htm","Jun 18, 2007"
"/media/Dados/bases/SWDE/restaurant/restaurant-tripadvisor/1037.htm","Sep 24, 2009"
"/media/Dados/bases/SWDE/restaurant/restaurant-tripadvisor/0427.htm","Jan 10, 2010"
"/media/Dados/bases/SWDE/restaurant/restaurant-tripadvisor/1280.htm","May 30, 2008"
"/media/Dados/bases/SWDE/restaurant/restaurant-tripadvisor/1266.htm","Jul 25, 2009"
"/media/Dados/bases/SWDE/restaurant/restaurant-tripadvisor/1676.htm","Nov 11, 2009"
"/media/Dados/bases/SWDE/restaurant/restaurant-tripadvisor/1394.htm","Jul 5, 2009"
"/media/Dados/bases/SWDE/restaurant/restaurant-tripadvisor/0003.htm","Jul 23, 2010"
"/media/Dados/bases/SWDE/restaurant/restaurant-tripadvisor/0560.htm","May 9, 2010"
"/media/Dados/bases/SWDE/restaurant/restaurant-tripadvisor/1435.htm","Nov 3, 2009"
"/media/Dados/bases/SWDE/restaurant/restaurant-tripadvisor/1151.htm","Mar 27, 2008"
"/media/Dados/bases/SWDE/restaurant/restaurant-tripadvisor/1805.htm","Apr 12, 2010"
"/media/Dados/bases/SWDE/restaurant/restaurant-tripadvisor/0429.htm","Jan 29, 2010"
"/media/Dados/bases/SWDE/restaurant/restaurant-tripadvisor/1376.htm","Mar 21, 2010"
"/media/Dados/bases/SWDE/restaurant/restaurant-tripadvisor/0534.htm","Jun 2, 2010"
"/media/Dados/bases/SWDE/restaurant/restaurant-tripadvisor/0569.htm","Sep 16, 2008"
"/media/Dados/bases/SWDE/restaurant/restaurant-tripadvisor/1378.htm","Jul 27, 2008"
"/media/Dados/bases/SWDE/restaurant/restaurant-tripadvisor/0203.htm","Dec 9, 2008"
"/media/Dados/bases/SWDE/restaurant/restaurant-tripadvisor/1375.htm","May 31, 2010"
"/media/Dados/bases/SWDE/restaurant/restaurant-tripadvisor/0698.htm","Aug 23, 2007"
"/media/Dados/bases/SWDE/restaurant/restaurant-tripadvisor/0517.htm","Jun 3, 2010"
"/media/Dados/bases/SWDE/restaurant/restaurant-tripadvisor/0001.htm","Jun 22, 2010"
"/media/Dados/bases/SWDE/restaurant/restaurant-tripadvisor/1005.htm","Mar 12, 2010"
"/media/Dados/bases/SWDE/restaurant/restaurant-tripadvisor/1804.htm","Mar 12, 2010"
"/media/Dados/bases/SWDE/restaurant/restaurant-tripadvisor/0145.htm","Apr 2, 2010"
"/media/Dados/bases/SWDE/restaurant/restaurant-tripadvisor/0188.htm","Apr 29, 2007"
"/media/Dados/bases/SWDE/restaurant/restaurant-tripadvisor/0391.htm","Mar 26, 2009"
"/media/Dados/bases/SWDE/restaurant/restaurant-tripadvisor/1147.htm","May 22, 2008"
"/media/Dados/bases/SWDE/restaurant/restaurant-tripadvisor/0147.htm","Jul 9, 2010"
"/media/Dados/bases/SWDE/restaurant/restaurant-tripadvisor/1511.htm","Mar 6, 2009"
"/media/Dados/bases/SWDE/restaurant/restaurant-tripadvisor/1709.htm","Aug 4, 2008"
"/media/Dados/bases/SWDE/restaurant/restaurant-tripadvisor/1964.htm","Mar 21, 2010"
"/media/Dados/bases/SWDE/restaurant/restaurant-tripadvisor/0130.htm","Jan 2, 2010"
"/media/Dados/bases/SWDE/restaurant/restaurant-tripadvisor/1755.htm","May 20, 2007"
"/media/Dados/bases/SWDE/restaurant/restaurant-tripadvisor/0580.htm","Mar 9, 2009"
"/media/Dados/bases/SWDE/restaurant/restaurant-tripadvisor/0242.htm","Aug 29, 2009"
"/media/Dados/bases/SWDE/restaurant/restaurant-tripadvisor/0613.htm","Mar 4, 2010"
"/media/Dados/bases/SWDE/restaurant/restaurant-tripadvisor/0829.htm","May 22, 2010"
"/media/Dados/bases/SWDE/restaurant/restaurant-tripadvisor/0769.htm","Aug 15, 2009"
"/media/Dados/bases/SWDE/restaurant/restaurant-tripadvisor/1012.htm","Apr 30, 2010"
"/media/Dados/bases/SWDE/restaurant/restaurant-tripadvisor/1658.htm","Dec 27, 2009"
"/media/Dados/bases/SWDE/restaurant/restaurant-tripadvisor/1156.htm","Feb 25, 2007"
"/media/Dados/bases/SWDE/restaurant/restaurant-tripadvisor/0649.htm","May 21, 2009"
"/media/Dados/bases/SWDE/restaurant/restaurant-tripadvisor/0027.htm","Jun 27, 2010"
"/media/Dados/bases/SWDE/restaurant/restaurant-tripadvisor/0498.htm","Nov 1, 2005"
"/media/Dados/bases/SWDE/restaurant/restaurant-tripadvisor/0144.htm","Nov 27, 2009"
"/media/Dados/bases/SWDE/restaurant/restaurant-tripadvisor/0011.htm","Jan 3, 2010"
"/media/Dados/bases/SWDE/restaurant/restaurant-tripadvisor/0161.htm","Dec 5, 2009"
"/media/Dados/bases/SWDE/restaurant/restaurant-tripadvisor/0825.htm","May 1, 2010"
"/media/Dados/bases/SWDE/restaurant/restaurant-tripadvisor/1157.htm","May 7, 2007"
"/media/Dados/bases/SWDE/restaurant/restaurant-tripadvisor/1662.htm","Mar 3, 2009"
"/media/Dados/bases/SWDE/restaurant/restaurant-tripadvisor/0111.htm","Apr 14, 2009"
"/media/Dados/bases/SWDE/restaurant/restaurant-tripadvisor/1500.htm","Jul 24, 2006"
"/media/Dados/bases/SWDE/restaurant/restaurant-tripadvisor/0943.htm","Jan 5, 2009"
"/media/Dados/bases/SWDE/restaurant/restaurant-tripadvisor/1812.htm","Mar 19, 2009"
"/media/Dados/bases/SWDE/restaurant/restaurant-tripadvisor/0635.htm","Apr 4, 2010"
"/media/Dados/bases/SWDE/restaurant/restaurant-tripadvisor/0644.htm","Mar 5, 2008"
"/media/Dados/bases/SWDE/restaurant/restaurant-tripadvisor/0942.htm","Jan 22, 2010"
"/media/Dados/bases/SWDE/restaurant/restaurant-tripadvisor/1630.htm","Oct 16, 2009"
"/media/Dados/bases/SWDE/restaurant/restaurant-tripadvisor/0892.htm","Feb 3, 2010"
"/media/Dados/bases/SWDE/restaurant/restaurant-tripadvisor/1006.htm","Jul 9, 2010"
"/media/Dados/bases/SWDE/restaurant/restaurant-tripadvisor/1337.htm","Oct 6, 2009"
"/media/Dados/bases/SWDE/restaurant/restaurant-tripadvisor/0177.htm","Jun 25, 2010"
"/media/Dados/bases/SWDE/restaurant/restaurant-tripadvisor/1693.htm","Apr 10, 2008"
"/media/Dados/bases/SWDE/restaurant/restaurant-tripadvisor/0638.htm","Mar 11, 2010"
"/media/Dados/bases/SWDE/restaurant/restaurant-tripadvisor/0624.htm","Jun 20, 2009"
"/media/Dados/bases/SWDE/restaurant/restaurant-tripadvisor/0879.htm","Aug 25, 2009"
"/media/Dados/bases/SWDE/restaurant/restaurant-tripadvisor/0784.htm","May 1, 2010"
"/media/Dados/bases/SWDE/restaurant/restaurant-tripadvisor/0758.htm","Aug 21, 2009"
"/media/Dados/bases/SWDE/restaurant/restaurant-tripadvisor/0965.htm","Nov 29, 2009"
"/media/Dados/bases/SWDE/restaurant/restaurant-tripadvisor/0659.htm","Nov 8, 2008"
"/media/Dados/bases/SWDE/restaurant/restaurant-tripadvisor/0833.htm","Aug 19, 2009"
"/media/Dados/bases/SWDE/restaurant/restaurant-tripadvisor/0841.htm","Oct 2, 2006"
"/media/Dados/bases/SWDE/restaurant/restaurant-tripadvisor/0515.htm","Jun 25, 2010"
"/media/Dados/bases/SWDE/restaurant/restaurant-tripadvisor/0241.htm","Jan 25, 2010"
"/media/Dados/bases/SWDE/restaurant/restaurant-tripadvisor/0946.htm","Feb 19, 2007"
"/media/Dados/bases/SWDE/restaurant/restaurant-tripadvisor/0546.htm","Mar 27, 2010"
"/media/Dados/bases/SWDE/restaurant/restaurant-tripadvisor/1354.htm","Feb 24, 2010"
"/media/Dados/bases/SWDE/restaurant/restaurant-tripadvisor/1464.htm","Mar 10, 2009"
"/media/Dados/bases/SWDE/restaurant/restaurant-tripadvisor/0725.htm","Jul 31, 2009"
"/media/Dados/bases/SWDE/restaurant/restaurant-tripadvisor/0609.htm","May 4, 2009"
"/media/Dados/bases/SWDE/restaurant/restaurant-tripadvisor/0945.htm","Mar 8, 2009"
"/media/Dados/bases/SWDE/restaurant/restaurant-tripadvisor/0272.htm","Mar 20, 2010"
"/media/Dados/bases/SWDE/restaurant/restaurant-tripadvisor/0015.htm","Jun 23, 2010"
"/media/Dados/bases/SWDE/restaurant/restaurant-tripadvisor/0895.htm","Sep 26, 2008"
"/media/Dados/bases/SWDE/restaurant/restaurant-tripadvisor/0708.htm","Oct 31, 2008"
"/media/Dados/bases/SWDE/restaurant/restaurant-tripadvisor/1281.htm","Sep 24, 2009"
"/media/Dados/bases/SWDE/restaurant/restaurant-tripadvisor/1416.htm","Nov 29, 2009"
"/media/Dados/bases/SWDE/restaurant/restaurant-tripadvisor/0947.htm","Feb 27, 2009"
"/media/Dados/bases/SWDE/restaurant/restaurant-tripadvisor/0754.htm","Oct 2, 2008"
"/media/Dados/bases/SWDE/restaurant/restaurant-tripadvisor/0030.htm","Dec 26, 2009"
"/media/Dados/bases/SWDE/restaurant/restaurant-tripadvisor/1521.htm","Apr 25, 2010"
"/media/Dados/bases/SWDE/restaurant/restaurant-tripadvisor/0831.htm","Jun 16, 2010"
"/media/Dados/bases/SWDE/restaurant/restaurant-tripadvisor/1846.htm","Aug 9, 2007"
"/media/Dados/bases/SWDE/restaurant/restaurant-tripadvisor/1481.htm","Jun 10, 2010"
"/media/Dados/bases/SWDE/restaurant/restaurant-tripadvisor/0186.htm","Jun 14, 2009"
"/media/Dados/bases/SWDE/restaurant/restaurant-tripadvisor/0448.htm","Aug 5, 2005"
"/media/Dados/bases/SWDE/restaurant/restaurant-tripadvisor/0588.htm","Jan 4, 2010"
"/media/Dados/bases/SWDE/restaurant/restaurant-tripadvisor/0747.htm","Sep 4, 2008"
"/media/Dados/bases/SWDE/restaurant/restaurant-tripadvisor/0689.htm","Jan 22, 2006"
"/media/Dados/bases/SWDE/restaurant/restaurant-tripadvisor/1608.htm","May 11, 2009"
"/media/Dados/bases/SWDE/restaurant/restaurant-tripadvisor/1215.htm","Jan 9, 2010"
"/media/Dados/bases/SWDE/restaurant/restaurant-tripadvisor/0043.htm","Jun 17, 2010"
"/media/Dados/bases/SWDE/restaurant/restaurant-tripadvisor/1904.htm","Jul 11, 2010"
"/media/Dados/bases/SWDE/restaurant/restaurant-tripadvisor/1531.htm","Apr 28, 2009"
"/media/Dados/bases/SWDE/restaurant/restaurant-tripadvisor/1351.htm","Nov 22, 2009"
"/media/Dados/bases/SWDE/restaurant/restaurant-tripadvisor/1111.htm","Aug 23, 2008"
"/media/Dados/bases/SWDE/restaurant/restaurant-tripadvisor/0191.htm","May 31, 2008"
"/media/Dados/bases/SWDE/restaurant/restaurant-tripadvisor/1966.htm","Apr 28, 2008"
"/media/Dados/bases/SWDE/restaurant/restaurant-tripadvisor/0080.htm","Mar 23, 2010"
"/media/Dados/bases/SWDE/restaurant/restaurant-tripadvisor/1604.htm","Mar 13, 2009"
"/media/Dados/bases/SWDE/restaurant/restaurant-tripadvisor/0849.htm","Jul 29, 2005"
"/media/Dados/bases/SWDE/restaurant/restaurant-tripadvisor/0151.htm","Jul 9, 2010"
"/media/Dados/bases/SWDE/restaurant/restaurant-tripadvisor/1353.htm","Jun 1, 2010"
"/media/Dados/bases/SWDE/restaurant/restaurant-tripadvisor/0026.htm","Jun 21, 2010"
"/media/Dados/bases/SWDE/restaurant/restaurant-tripadvisor/0175.htm","Dec 27, 2009"
"/media/Dados/bases/SWDE/restaurant/restaurant-tripadvisor/1000.htm","Jul 12, 2009"
"/media/Dados/bases/SWDE/restaurant/restaurant-tripadvisor/1276.htm","Feb 13, 2010"
"/media/Dados/bases/SWDE/restaurant/restaurant-tripadvisor/1246.htm","Jan 31, 2010"
"/media/Dados/bases/SWDE/restaurant/restaurant-tripadvisor/1643.htm","Jul 8, 2007"
"/media/Dados/bases/SWDE/restaurant/restaurant-tripadvisor/0360.htm","Jun 11, 2010"
"/media/Dados/bases/SWDE/restaurant/restaurant-tripadvisor/0511.htm","Mar 15, 2010"
"/media/Dados/bases/SWDE/restaurant/restaurant-tripadvisor/0600.htm","Feb 17, 2010"
"/media/Dados/bases/SWDE/restaurant/restaurant-tripadvisor/0276.htm","Aug 14, 2009"
"/media/Dados/bases/SWDE/restaurant/restaurant-tripadvisor/0408.htm","May 12, 2008"
"/media/Dados/bases/SWDE/restaurant/restaurant-tripadvisor/1528.htm","Oct 7, 2009"
"/media/Dados/bases/SWDE/restaurant/restaurant-tripadvisor/0681.htm","Feb 17, 2009"
"/media/Dados/bases/SWDE/restaurant/restaurant-tripadvisor/1861.htm","Jan 20, 2010"
"/media/Dados/bases/SWDE/restaurant/restaurant-tripadvisor/1358.htm","Mar 3, 2010"
"/media/Dados/bases/SWDE/restaurant/restaurant-tripadvisor/1877.htm","Nov 22, 2008"
"/media/Dados/bases/SWDE/restaurant/restaurant-tripadvisor/0541.htm","Apr 26, 2010"
"/media/Dados/bases/SWDE/restaurant/restaurant-tripadvisor/1527.htm","Feb 25, 2010"
"/media/Dados/bases/SWDE/restaurant/restaurant-tripadvisor/0661.htm","May 8, 2009"
"/media/Dados/bases/SWDE/restaurant/restaurant-tripadvisor/1971.htm","Apr 2, 2009"
"/media/Dados/bases/SWDE/restaurant/restaurant-tripadvisor/1855.htm","Aug 6, 2010"
"/media/Dados/bases/SWDE/restaurant/restaurant-tripadvisor/0772.htm","Jan 10, 2010"
"/media/Dados/bases/SWDE/restaurant/restaurant-tripadvisor/0933.htm","Feb 18, 2010"
"/media/Dados/bases/SWDE/restaurant/restaurant-tripadvisor/0763.htm","Apr 6, 2010"
"/media/Dados/bases/SWDE/restaurant/restaurant-tripadvisor/0732.htm","Nov 26, 2009"
"/media/Dados/bases/SWDE/restaurant/restaurant-tripadvisor/0845.htm","Jun 27, 2008"
"/media/Dados/bases/SWDE/restaurant/restaurant-tripadvisor/0524.htm","Nov 24, 2009"
"/media/Dados/bases/SWDE/restaurant/restaurant-tripadvisor/0469.htm","Feb 5, 2008"
"/media/Dados/bases/SWDE/restaurant/restaurant-tripadvisor/1134.htm","Apr 5, 2009"
"/media/Dados/bases/SWDE/restaurant/restaurant-tripadvisor/0934.htm","Jul 19, 2010"
"/media/Dados/bases/SWDE/restaurant/restaurant-tripadvisor/0780.htm","Mar 27, 2007"
"/media/Dados/bases/SWDE/restaurant/restaurant-tripadvisor/1061.htm","Jan 28, 2010"
"/media/Dados/bases/SWDE/restaurant/restaurant-tripadvisor/1871.htm","Aug 23, 2009"
"/media/Dados/bases/SWDE/restaurant/restaurant-tripadvisor/0857.htm","Sep 27, 2009"
"/media/Dados/bases/SWDE/restaurant/restaurant-tripadvisor/0777.htm","May 1, 2008"
"/media/Dados/bases/SWDE/restaurant/restaurant-tripadvisor/0081.htm","Oct 3, 2009"
"/media/Dados/bases/SWDE/restaurant/restaurant-tripadvisor/1896.htm","Dec 9, 2009"
"/media/Dados/bases/SWDE/restaurant/restaurant-tripadvisor/0527.htm","Feb 15, 2010"
"/media/Dados/bases/SWDE/restaurant/restaurant-tripadvisor/1902.htm","Dec 6, 2009"
"/media/Dados/bases/SWDE/restaurant/restaurant-tripadvisor/1007.htm","May 7, 2010"
"/media/Dados/bases/SWDE/restaurant/restaurant-tripadvisor/1774.htm","Mar 8, 2007"
"/media/Dados/bases/SWDE/restaurant/restaurant-tripadvisor/0214.htm","Apr 14, 2008"
"/media/Dados/bases/SWDE/restaurant/restaurant-tripadvisor/0215.htm","Aug 1, 2009"
"/media/Dados/bases/SWDE/restaurant/restaurant-tripadvisor/1826.htm","Jun 29, 2009"
"/media/Dados/bases/SWDE/restaurant/restaurant-tripadvisor/0395.htm","Mar 25, 2010"
"/media/Dados/bases/SWDE/restaurant/restaurant-tripadvisor/0727.htm","Jul 20, 2009"
"/media/Dados/bases/SWDE/restaurant/restaurant-tripadvisor/1448.htm","Aug 30, 2008"
"/media/Dados/bases/SWDE/restaurant/restaurant-tripadvisor/1214.htm","Aug 2, 2009"
"/media/Dados/bases/SWDE/restaurant/restaurant-tripadvisor/0764.htm","May 17, 2010"
"/media/Dados/bases/SWDE/restaurant/restaurant-tripadvisor/0387.htm","Jul 30, 2008"
"/media/Dados/bases/SWDE/restaurant/restaurant-tripadvisor/0123.htm","Jul 15, 2009"
"/media/Dados/bases/SWDE/restaurant/restaurant-tripadvisor/0615.htm","Dec 23, 2009"
"/media/Dados/bases/SWDE/restaurant/restaurant-tripadvisor/0509.htm","Oct 12, 2008"
"/media/Dados/bases/SWDE/restaurant/restaurant-tripadvisor/0002.htm","Aug 2, 2010"
"/media/Dados/bases/SWDE/restaurant/restaurant-tripadvisor/1706.htm","Apr 8, 2005"
"/media/Dados/bases/SWDE/restaurant/restaurant-tripadvisor/1950.htm","Jun 1, 2009"
"/media/Dados/bases/SWDE/restaurant/restaurant-tripadvisor/1163.htm","Mar 3, 2009"
"/media/Dados/bases/SWDE/restaurant/restaurant-tripadvisor/1586.htm","Mar 3, 2009"
"/media/Dados/bases/SWDE/restaurant/restaurant-tripadvisor/1757.htm","Nov 30, 2008"
"/media/Dados/bases/SWDE/restaurant/restaurant-tripadvisor/1577.htm","Aug 29, 2008"
"/media/Dados/bases/SWDE/restaurant/restaurant-tripadvisor/1078.htm","Mar 17, 2010"
"/media/Dados/bases/SWDE/restaurant/restaurant-tripadvisor/0521.htm","Nov 11, 2009"
"/media/Dados/bases/SWDE/restaurant/restaurant-tripadvisor/1514.htm","Feb 15, 2009"
"/media/Dados/bases/SWDE/restaurant/restaurant-tripadvisor/0150.htm","May 19, 2010"
"/media/Dados/bases/SWDE/restaurant/restaurant-tripadvisor/0993.htm","Jan 3, 2009"
"/media/Dados/bases/SWDE/restaurant/restaurant-tripadvisor/1956.htm","Nov 13, 2007"
"/media/Dados/bases/SWDE/restaurant/restaurant-tripadvisor/0363.htm","Oct 18, 2008"
"/media/Dados/bases/SWDE/restaurant/restaurant-tripadvisor/1400.htm","Oct 22, 2009"
"/media/Dados/bases/SWDE/restaurant/restaurant-tripadvisor/0183.htm","Jun 6, 2010"
"/media/Dados/bases/SWDE/restaurant/restaurant-tripadvisor/0816.htm","Apr 7, 2008"
"/media/Dados/bases/SWDE/restaurant/restaurant-tripadvisor/1780.htm","Mar 26, 2009"
"/media/Dados/bases/SWDE/restaurant/restaurant-tripadvisor/0695.htm","Oct 28, 2009"
"/media/Dados/bases/SWDE/restaurant/restaurant-tripadvisor/1362.htm","Mar 5, 2009"
"/media/Dados/bases/SWDE/restaurant/restaurant-tripadvisor/0788.htm","May 30, 2009"
"/media/Dados/bases/SWDE/restaurant/restaurant-tripadvisor/1009.htm","Jul 12, 2009"
"/media/Dados/bases/SWDE/restaurant/restaurant-tripadvisor/0127.htm","Jan 15, 2008"
"/media/Dados/bases/SWDE/restaurant/restaurant-tripadvisor/0035.htm","Apr 16, 2010"
"/media/Dados/bases/SWDE/restaurant/restaurant-tripadvisor/0593.htm","Nov 21, 2009"
"/media/Dados/bases/SWDE/restaurant/restaurant-tripadvisor/0006.htm","Jun 25, 2010"
"/media/Dados/bases/SWDE/restaurant/restaurant-tripadvisor/1911.htm","Sep 6, 2008"
"/media/Dados/bases/SWDE/restaurant/restaurant-tripadvisor/0828.htm","Jul 6, 2010"
"/media/Dados/bases/SWDE/restaurant/restaurant-tripadvisor/1456.htm","Jun 25, 2009"
"/media/Dados/bases/SWDE/restaurant/restaurant-tripadvisor/1773.htm","Nov 15, 2009"
"/media/Dados/bases/SWDE/restaurant/restaurant-tripadvisor/1406.htm","Jan 15, 2009"
"/media/Dados/bases/SWDE/restaurant/restaurant-tripadvisor/0131.htm","Apr 19, 2009"
"/media/Dados/bases/SWDE/restaurant/restaurant-tripadvisor/0621.htm","May 16, 2010"
"/media/Dados/bases/SWDE/restaurant/restaurant-tripadvisor/0936.htm","Oct 10, 2009"
"/media/Dados/bases/SWDE/restaurant/restaurant-tripadvisor/0902.htm","Dec 28, 2007"
"/media/Dados/bases/SWDE/restaurant/restaurant-tripadvisor/1518.htm","Feb 1, 2009"
"/media/Dados/bases/SWDE/restaurant/restaurant-tripadvisor/1622.htm","Jan 29, 2010"
"/media/Dados/bases/SWDE/restaurant/restaurant-tripadvisor/0650.htm","Mar 4, 2010"
"/media/Dados/bases/SWDE/restaurant/restaurant-tripadvisor/0007.htm","Feb 28, 2010"
"/media/Dados/bases/SWDE/restaurant/restaurant-tripadvisor/1150.htm","Oct 14, 2007"
"/media/Dados/bases/SWDE/restaurant/restaurant-tripadvisor/1389.htm","Sep 10, 2009"
