URL,EXTRACTED VALUE
"/media/Dados/bases/SWDE/nbaplayer/nbaplayer-si/0090.htm",2.4
"/media/Dados/bases/SWDE/nbaplayer/nbaplayer-si/0136.htm",2.5
"/media/Dados/bases/SWDE/nbaplayer/nbaplayer-si/0425.htm",2.5
"/media/Dados/bases/SWDE/nbaplayer/nbaplayer-si/0303.htm",2.1
"/media/Dados/bases/SWDE/nbaplayer/nbaplayer-si/0331.htm",1.4
"/media/Dados/bases/SWDE/nbaplayer/nbaplayer-si/0407.htm",2.3
"/media/Dados/bases/SWDE/nbaplayer/nbaplayer-si/0084.htm",2.2
"/media/Dados/bases/SWDE/nbaplayer/nbaplayer-si/0100.htm",2.3
"/media/Dados/bases/SWDE/nbaplayer/nbaplayer-si/0283.htm",2.1
"/media/Dados/bases/SWDE/nbaplayer/nbaplayer-si/0329.htm",2.2
"/media/Dados/bases/SWDE/nbaplayer/nbaplayer-si/0106.htm",3.0
"/media/Dados/bases/SWDE/nbaplayer/nbaplayer-si/0509.htm",2.7
"/media/Dados/bases/SWDE/nbaplayer/nbaplayer-si/0233.htm",3.0
"/media/Dados/bases/SWDE/nbaplayer/nbaplayer-si/0280.htm",3.1
"/media/Dados/bases/SWDE/nbaplayer/nbaplayer-si/0088.htm",2.3
"/media/Dados/bases/SWDE/nbaplayer/nbaplayer-si/0479.htm",2.7
"/media/Dados/bases/SWDE/nbaplayer/nbaplayer-si/0058.htm",2.2
"/media/Dados/bases/SWDE/nbaplayer/nbaplayer-si/0121.htm",2.6
"/media/Dados/bases/SWDE/nbaplayer/nbaplayer-si/0254.htm",2.7
"/media/Dados/bases/SWDE/nbaplayer/nbaplayer-si/0484.htm",2.4
"/media/Dados/bases/SWDE/nbaplayer/nbaplayer-si/0060.htm",2.7
"/media/Dados/bases/SWDE/nbaplayer/nbaplayer-si/0278.htm",1.6
"/media/Dados/bases/SWDE/nbaplayer/nbaplayer-si/0164.htm",2.3
"/media/Dados/bases/SWDE/nbaplayer/nbaplayer-si/0446.htm",1.5
"/media/Dados/bases/SWDE/nbaplayer/nbaplayer-si/0258.htm",3.1
"/media/Dados/bases/SWDE/nbaplayer/nbaplayer-si/0344.htm",1.5
"/media/Dados/bases/SWDE/nbaplayer/nbaplayer-si/0308.htm",3.2
"/media/Dados/bases/SWDE/nbaplayer/nbaplayer-si/0415.htm",1.5
"/media/Dados/bases/SWDE/nbaplayer/nbaplayer-si/0491.htm",2.0
"/media/Dados/bases/SWDE/nbaplayer/nbaplayer-si/0457.htm",3.0
"/media/Dados/bases/SWDE/nbaplayer/nbaplayer-si/0115.htm",0.5
"/media/Dados/bases/SWDE/nbaplayer/nbaplayer-si/0434.htm",1.8
"/media/Dados/bases/SWDE/nbaplayer/nbaplayer-si/0514.htm",1.9
"/media/Dados/bases/SWDE/nbaplayer/nbaplayer-si/0387.htm",3.1
"/media/Dados/bases/SWDE/nbaplayer/nbaplayer-si/0053.htm",2.4
"/media/Dados/bases/SWDE/nbaplayer/nbaplayer-si/0081.htm",2.8
"/media/Dados/bases/SWDE/nbaplayer/nbaplayer-si/0091.htm",1.7
"/media/Dados/bases/SWDE/nbaplayer/nbaplayer-si/0406.htm",2.1
"/media/Dados/bases/SWDE/nbaplayer/nbaplayer-si/0033.htm",1.1
"/media/Dados/bases/SWDE/nbaplayer/nbaplayer-si/0474.htm",2.7
"/media/Dados/bases/SWDE/nbaplayer/nbaplayer-si/0218.htm",3.1
"/media/Dados/bases/SWDE/nbaplayer/nbaplayer-si/0082.htm",1.7
"/media/Dados/bases/SWDE/nbaplayer/nbaplayer-si/0124.htm",1.7
"/media/Dados/bases/SWDE/nbaplayer/nbaplayer-si/0460.htm",1.5
"/media/Dados/bases/SWDE/nbaplayer/nbaplayer-si/0360.htm",2.6
"/media/Dados/bases/SWDE/nbaplayer/nbaplayer-si/0075.htm",2.4
"/media/Dados/bases/SWDE/nbaplayer/nbaplayer-si/0015.htm",2.2
"/media/Dados/bases/SWDE/nbaplayer/nbaplayer-si/0384.htm",0.3
"/media/Dados/bases/SWDE/nbaplayer/nbaplayer-si/0498.htm",1.5
"/media/Dados/bases/SWDE/nbaplayer/nbaplayer-si/0441.htm",1.4
"/media/Dados/bases/SWDE/nbaplayer/nbaplayer-si/0267.htm",1.6
"/media/Dados/bases/SWDE/nbaplayer/nbaplayer-si/0007.htm",1.8
"/media/Dados/bases/SWDE/nbaplayer/nbaplayer-si/0016.htm",2.0
"/media/Dados/bases/SWDE/nbaplayer/nbaplayer-si/0028.htm",3.0
"/media/Dados/bases/SWDE/nbaplayer/nbaplayer-si/0315.htm",2.5
"/media/Dados/bases/SWDE/nbaplayer/nbaplayer-si/0098.htm",2.9
"/media/Dados/bases/SWDE/nbaplayer/nbaplayer-si/0324.htm",2.0
"/media/Dados/bases/SWDE/nbaplayer/nbaplayer-si/0018.htm",2.2
"/media/Dados/bases/SWDE/nbaplayer/nbaplayer-si/0141.htm",1.9
"/media/Dados/bases/SWDE/nbaplayer/nbaplayer-si/0351.htm",2.3
"/media/Dados/bases/SWDE/nbaplayer/nbaplayer-si/0268.htm",1.2
"/media/Dados/bases/SWDE/nbaplayer/nbaplayer-si/0031.htm",2.8
"/media/Dados/bases/SWDE/nbaplayer/nbaplayer-si/0069.htm",2.1
"/media/Dados/bases/SWDE/nbaplayer/nbaplayer-si/0181.htm",2.5
"/media/Dados/bases/SWDE/nbaplayer/nbaplayer-si/0399.htm",1.7
"/media/Dados/bases/SWDE/nbaplayer/nbaplayer-si/0035.htm",1.9
"/media/Dados/bases/SWDE/nbaplayer/nbaplayer-si/0014.htm",1.6
"/media/Dados/bases/SWDE/nbaplayer/nbaplayer-si/0257.htm",2.3
"/media/Dados/bases/SWDE/nbaplayer/nbaplayer-si/0414.htm",3.1
"/media/Dados/bases/SWDE/nbaplayer/nbaplayer-si/0423.htm",1.9
"/media/Dados/bases/SWDE/nbaplayer/nbaplayer-si/0129.htm",2.6
"/media/Dados/bases/SWDE/nbaplayer/nbaplayer-si/0184.htm",2.6
"/media/Dados/bases/SWDE/nbaplayer/nbaplayer-si/0246.htm",1.5
"/media/Dados/bases/SWDE/nbaplayer/nbaplayer-si/0368.htm",2.7
"/media/Dados/bases/SWDE/nbaplayer/nbaplayer-si/0449.htm",1.3
"/media/Dados/bases/SWDE/nbaplayer/nbaplayer-si/0197.htm",3.9
"/media/Dados/bases/SWDE/nbaplayer/nbaplayer-si/0444.htm",1.8
"/media/Dados/bases/SWDE/nbaplayer/nbaplayer-si/0219.htm",1.8
"/media/Dados/bases/SWDE/nbaplayer/nbaplayer-si/0466.htm",2.2
"/media/Dados/bases/SWDE/nbaplayer/nbaplayer-si/0037.htm",2.4
"/media/Dados/bases/SWDE/nbaplayer/nbaplayer-si/0229.htm",2.2
"/media/Dados/bases/SWDE/nbaplayer/nbaplayer-si/0140.htm",1.8
"/media/Dados/bases/SWDE/nbaplayer/nbaplayer-si/0167.htm",2.5
"/media/Dados/bases/SWDE/nbaplayer/nbaplayer-si/0180.htm",2.8
"/media/Dados/bases/SWDE/nbaplayer/nbaplayer-si/0052.htm",1.8
"/media/Dados/bases/SWDE/nbaplayer/nbaplayer-si/0508.htm",1.3
"/media/Dados/bases/SWDE/nbaplayer/nbaplayer-si/0176.htm",2.2
"/media/Dados/bases/SWDE/nbaplayer/nbaplayer-si/0318.htm",1.1
"/media/Dados/bases/SWDE/nbaplayer/nbaplayer-si/0416.htm",1.7
"/media/Dados/bases/SWDE/nbaplayer/nbaplayer-si/0287.htm",3.8
"/media/Dados/bases/SWDE/nbaplayer/nbaplayer-si/0217.htm",3.1
"/media/Dados/bases/SWDE/nbaplayer/nbaplayer-si/0405.htm",3.1
"/media/Dados/bases/SWDE/nbaplayer/nbaplayer-si/0480.htm",0.2
"/media/Dados/bases/SWDE/nbaplayer/nbaplayer-si/0242.htm",3.0
"/media/Dados/bases/SWDE/nbaplayer/nbaplayer-si/0212.htm",2.0
"/media/Dados/bases/SWDE/nbaplayer/nbaplayer-si/0349.htm",3.2
"/media/Dados/bases/SWDE/nbaplayer/nbaplayer-si/0442.htm",2.3
"/media/Dados/bases/SWDE/nbaplayer/nbaplayer-si/0385.htm",2.0
"/media/Dados/bases/SWDE/nbaplayer/nbaplayer-si/0223.htm",1.6
"/media/Dados/bases/SWDE/nbaplayer/nbaplayer-si/0335.htm",2.7
"/media/Dados/bases/SWDE/nbaplayer/nbaplayer-si/0274.htm",1.7
"/media/Dados/bases/SWDE/nbaplayer/nbaplayer-si/0472.htm",1.6
"/media/Dados/bases/SWDE/nbaplayer/nbaplayer-si/0295.htm",3.2
"/media/Dados/bases/SWDE/nbaplayer/nbaplayer-si/0496.htm",1.7
"/media/Dados/bases/SWDE/nbaplayer/nbaplayer-si/0132.htm",1.4
"/media/Dados/bases/SWDE/nbaplayer/nbaplayer-si/0139.htm",2.1
"/media/Dados/bases/SWDE/nbaplayer/nbaplayer-si/0105.htm",2.6
"/media/Dados/bases/SWDE/nbaplayer/nbaplayer-si/0131.htm",3.0
"/media/Dados/bases/SWDE/nbaplayer/nbaplayer-si/0332.htm",1.9
"/media/Dados/bases/SWDE/nbaplayer/nbaplayer-si/0413.htm",1.6
"/media/Dados/bases/SWDE/nbaplayer/nbaplayer-si/0019.htm",3.0
"/media/Dados/bases/SWDE/nbaplayer/nbaplayer-si/0006.htm",1.0
"/media/Dados/bases/SWDE/nbaplayer/nbaplayer-si/0005.htm",1.9
"/media/Dados/bases/SWDE/nbaplayer/nbaplayer-si/0248.htm",2.4
"/media/Dados/bases/SWDE/nbaplayer/nbaplayer-si/0493.htm",2.9
"/media/Dados/bases/SWDE/nbaplayer/nbaplayer-si/0394.htm",1.7
"/media/Dados/bases/SWDE/nbaplayer/nbaplayer-si/0027.htm",3.4
"/media/Dados/bases/SWDE/nbaplayer/nbaplayer-si/0327.htm",2.4
"/media/Dados/bases/SWDE/nbaplayer/nbaplayer-si/0079.htm",1.4
"/media/Dados/bases/SWDE/nbaplayer/nbaplayer-si/0353.htm",2.1
"/media/Dados/bases/SWDE/nbaplayer/nbaplayer-si/0462.htm",2.2
"/media/Dados/bases/SWDE/nbaplayer/nbaplayer-si/0435.htm",0.8
"/media/Dados/bases/SWDE/nbaplayer/nbaplayer-si/0310.htm",1.1
"/media/Dados/bases/SWDE/nbaplayer/nbaplayer-si/0483.htm",2.0
"/media/Dados/bases/SWDE/nbaplayer/nbaplayer-si/0068.htm",1.5
"/media/Dados/bases/SWDE/nbaplayer/nbaplayer-si/0182.htm",0.8
"/media/Dados/bases/SWDE/nbaplayer/nbaplayer-si/0286.htm",2.0
"/media/Dados/bases/SWDE/nbaplayer/nbaplayer-si/0189.htm",0.8
"/media/Dados/bases/SWDE/nbaplayer/nbaplayer-si/0424.htm",2.4
"/media/Dados/bases/SWDE/nbaplayer/nbaplayer-si/0251.htm",2.6
"/media/Dados/bases/SWDE/nbaplayer/nbaplayer-si/0309.htm",2.8
"/media/Dados/bases/SWDE/nbaplayer/nbaplayer-si/0382.htm",2.3
"/media/Dados/bases/SWDE/nbaplayer/nbaplayer-si/0397.htm",1.6
"/media/Dados/bases/SWDE/nbaplayer/nbaplayer-si/0096.htm",1.4
"/media/Dados/bases/SWDE/nbaplayer/nbaplayer-si/0203.htm",2.5
"/media/Dados/bases/SWDE/nbaplayer/nbaplayer-si/0135.htm",1.9
"/media/Dados/bases/SWDE/nbaplayer/nbaplayer-si/0427.htm",0.7
"/media/Dados/bases/SWDE/nbaplayer/nbaplayer-si/0264.htm",3.0
"/media/Dados/bases/SWDE/nbaplayer/nbaplayer-si/0066.htm",1.3
"/media/Dados/bases/SWDE/nbaplayer/nbaplayer-si/0153.htm",1.8
"/media/Dados/bases/SWDE/nbaplayer/nbaplayer-si/0511.htm",3.3
"/media/Dados/bases/SWDE/nbaplayer/nbaplayer-si/0108.htm",1.9
"/media/Dados/bases/SWDE/nbaplayer/nbaplayer-si/0393.htm",1.3
"/media/Dados/bases/SWDE/nbaplayer/nbaplayer-si/0030.htm",2.7
"/media/Dados/bases/SWDE/nbaplayer/nbaplayer-si/0045.htm",2.6
"/media/Dados/bases/SWDE/nbaplayer/nbaplayer-si/0056.htm",2.0
"/media/Dados/bases/SWDE/nbaplayer/nbaplayer-si/0440.htm",2.5
"/media/Dados/bases/SWDE/nbaplayer/nbaplayer-si/0245.htm",2.2
"/media/Dados/bases/SWDE/nbaplayer/nbaplayer-si/0175.htm",2.5
"/media/Dados/bases/SWDE/nbaplayer/nbaplayer-si/0447.htm",3.6
"/media/Dados/bases/SWDE/nbaplayer/nbaplayer-si/0346.htm",1.3
"/media/Dados/bases/SWDE/nbaplayer/nbaplayer-si/0190.htm",1.4
"/media/Dados/bases/SWDE/nbaplayer/nbaplayer-si/0328.htm",1.9
"/media/Dados/bases/SWDE/nbaplayer/nbaplayer-si/0137.htm",3.0
"/media/Dados/bases/SWDE/nbaplayer/nbaplayer-si/0193.htm",2.0
"/media/Dados/bases/SWDE/nbaplayer/nbaplayer-si/0000.htm",1.5
"/media/Dados/bases/SWDE/nbaplayer/nbaplayer-si/0422.htm",2.8
"/media/Dados/bases/SWDE/nbaplayer/nbaplayer-si/0470.htm",1.9
"/media/Dados/bases/SWDE/nbaplayer/nbaplayer-si/0501.htm",2.2
"/media/Dados/bases/SWDE/nbaplayer/nbaplayer-si/0266.htm",1.9
"/media/Dados/bases/SWDE/nbaplayer/nbaplayer-si/0208.htm",2.3
"/media/Dados/bases/SWDE/nbaplayer/nbaplayer-si/0250.htm",3.8
"/media/Dados/bases/SWDE/nbaplayer/nbaplayer-si/0023.htm",2.2
"/media/Dados/bases/SWDE/nbaplayer/nbaplayer-si/0199.htm",2.6
"/media/Dados/bases/SWDE/nbaplayer/nbaplayer-si/0154.htm",2.6
"/media/Dados/bases/SWDE/nbaplayer/nbaplayer-si/0055.htm",1.5
"/media/Dados/bases/SWDE/nbaplayer/nbaplayer-si/0374.htm",3.3
"/media/Dados/bases/SWDE/nbaplayer/nbaplayer-si/0174.htm",1.5
"/media/Dados/bases/SWDE/nbaplayer/nbaplayer-si/0292.htm",2.4
"/media/Dados/bases/SWDE/nbaplayer/nbaplayer-si/0112.htm",2.6
"/media/Dados/bases/SWDE/nbaplayer/nbaplayer-si/0298.htm",1.1
"/media/Dados/bases/SWDE/nbaplayer/nbaplayer-si/0127.htm",2.8
"/media/Dados/bases/SWDE/nbaplayer/nbaplayer-si/0162.htm",1.2
"/media/Dados/bases/SWDE/nbaplayer/nbaplayer-si/0094.htm",1.8
"/media/Dados/bases/SWDE/nbaplayer/nbaplayer-si/0262.htm",2.1
"/media/Dados/bases/SWDE/nbaplayer/nbaplayer-si/0012.htm",2.3
"/media/Dados/bases/SWDE/nbaplayer/nbaplayer-si/0187.htm",2.1
"/media/Dados/bases/SWDE/nbaplayer/nbaplayer-si/0163.htm",2.3
"/media/Dados/bases/SWDE/nbaplayer/nbaplayer-si/0049.htm",1.9
"/media/Dados/bases/SWDE/nbaplayer/nbaplayer-si/0009.htm",3.3
"/media/Dados/bases/SWDE/nbaplayer/nbaplayer-si/0375.htm",3.3
"/media/Dados/bases/SWDE/nbaplayer/nbaplayer-si/0046.htm",1.0
"/media/Dados/bases/SWDE/nbaplayer/nbaplayer-si/0469.htm",1.3
"/media/Dados/bases/SWDE/nbaplayer/nbaplayer-si/0359.htm",1.9
"/media/Dados/bases/SWDE/nbaplayer/nbaplayer-si/0489.htm",3.1
"/media/Dados/bases/SWDE/nbaplayer/nbaplayer-si/0029.htm",3.3
"/media/Dados/bases/SWDE/nbaplayer/nbaplayer-si/0225.htm",1.3
"/media/Dados/bases/SWDE/nbaplayer/nbaplayer-si/0128.htm",1.9
"/media/Dados/bases/SWDE/nbaplayer/nbaplayer-si/0401.htm",1.1
"/media/Dados/bases/SWDE/nbaplayer/nbaplayer-si/0074.htm",2.9
"/media/Dados/bases/SWDE/nbaplayer/nbaplayer-si/0021.htm",1.0
"/media/Dados/bases/SWDE/nbaplayer/nbaplayer-si/0503.htm",2.6
"/media/Dados/bases/SWDE/nbaplayer/nbaplayer-si/0282.htm",2.8
"/media/Dados/bases/SWDE/nbaplayer/nbaplayer-si/0038.htm",0.7
"/media/Dados/bases/SWDE/nbaplayer/nbaplayer-si/0478.htm",3.0
"/media/Dados/bases/SWDE/nbaplayer/nbaplayer-si/0279.htm",1.5
"/media/Dados/bases/SWDE/nbaplayer/nbaplayer-si/0285.htm",2.0
"/media/Dados/bases/SWDE/nbaplayer/nbaplayer-si/0347.htm",2.5
"/media/Dados/bases/SWDE/nbaplayer/nbaplayer-si/0256.htm",1.1
"/media/Dados/bases/SWDE/nbaplayer/nbaplayer-si/0453.htm",2.2
"/media/Dados/bases/SWDE/nbaplayer/nbaplayer-si/0226.htm",0.3
"/media/Dados/bases/SWDE/nbaplayer/nbaplayer-si/0456.htm",2.2
"/media/Dados/bases/SWDE/nbaplayer/nbaplayer-si/0062.htm",2.7
"/media/Dados/bases/SWDE/nbaplayer/nbaplayer-si/0506.htm",1.1
"/media/Dados/bases/SWDE/nbaplayer/nbaplayer-si/0191.htm",0.0
"/media/Dados/bases/SWDE/nbaplayer/nbaplayer-si/0235.htm",1.6
"/media/Dados/bases/SWDE/nbaplayer/nbaplayer-si/0408.htm",1.7
"/media/Dados/bases/SWDE/nbaplayer/nbaplayer-si/0366.htm",1.9
"/media/Dados/bases/SWDE/nbaplayer/nbaplayer-si/0048.htm",1.6
"/media/Dados/bases/SWDE/nbaplayer/nbaplayer-si/0044.htm",1.7
"/media/Dados/bases/SWDE/nbaplayer/nbaplayer-si/0316.htm",2.7
"/media/Dados/bases/SWDE/nbaplayer/nbaplayer-si/0265.htm",1.7
"/media/Dados/bases/SWDE/nbaplayer/nbaplayer-si/0371.htm",1.8
"/media/Dados/bases/SWDE/nbaplayer/nbaplayer-si/0186.htm",1.8
"/media/Dados/bases/SWDE/nbaplayer/nbaplayer-si/0161.htm",1.6
"/media/Dados/bases/SWDE/nbaplayer/nbaplayer-si/0473.htm",1.8
"/media/Dados/bases/SWDE/nbaplayer/nbaplayer-si/0101.htm",1.1
"/media/Dados/bases/SWDE/nbaplayer/nbaplayer-si/0122.htm",2.4
"/media/Dados/bases/SWDE/nbaplayer/nbaplayer-si/0059.htm",1.1
"/media/Dados/bases/SWDE/nbaplayer/nbaplayer-si/0403.htm",3.1
"/media/Dados/bases/SWDE/nbaplayer/nbaplayer-si/0057.htm",2.8
"/media/Dados/bases/SWDE/nbaplayer/nbaplayer-si/0097.htm",2.5
"/media/Dados/bases/SWDE/nbaplayer/nbaplayer-si/0214.htm",2.2
"/media/Dados/bases/SWDE/nbaplayer/nbaplayer-si/0205.htm",3.0
"/media/Dados/bases/SWDE/nbaplayer/nbaplayer-si/0234.htm",2.5
"/media/Dados/bases/SWDE/nbaplayer/nbaplayer-si/0104.htm",2.0
"/media/Dados/bases/SWDE/nbaplayer/nbaplayer-si/0078.htm",2.7
"/media/Dados/bases/SWDE/nbaplayer/nbaplayer-si/0343.htm",1.1
"/media/Dados/bases/SWDE/nbaplayer/nbaplayer-si/0232.htm",1.8
"/media/Dados/bases/SWDE/nbaplayer/nbaplayer-si/0040.htm",0.7
"/media/Dados/bases/SWDE/nbaplayer/nbaplayer-si/0228.htm",2.9
"/media/Dados/bases/SWDE/nbaplayer/nbaplayer-si/0240.htm",3.0
"/media/Dados/bases/SWDE/nbaplayer/nbaplayer-si/0276.htm",1.0
"/media/Dados/bases/SWDE/nbaplayer/nbaplayer-si/0461.htm",1.9
"/media/Dados/bases/SWDE/nbaplayer/nbaplayer-si/0157.htm",1.1
"/media/Dados/bases/SWDE/nbaplayer/nbaplayer-si/0485.htm",3.1
"/media/Dados/bases/SWDE/nbaplayer/nbaplayer-si/0120.htm",1.7
"/media/Dados/bases/SWDE/nbaplayer/nbaplayer-si/0326.htm",1.7
"/media/Dados/bases/SWDE/nbaplayer/nbaplayer-si/0113.htm",1.0
"/media/Dados/bases/SWDE/nbaplayer/nbaplayer-si/0085.htm",1.9
"/media/Dados/bases/SWDE/nbaplayer/nbaplayer-si/0487.htm",3.1
"/media/Dados/bases/SWDE/nbaplayer/nbaplayer-si/0358.htm",1.3
"/media/Dados/bases/SWDE/nbaplayer/nbaplayer-si/0400.htm",2.2
"/media/Dados/bases/SWDE/nbaplayer/nbaplayer-si/0409.htm",2.4
"/media/Dados/bases/SWDE/nbaplayer/nbaplayer-si/0325.htm",0.8
"/media/Dados/bases/SWDE/nbaplayer/nbaplayer-si/0304.htm",2.7
"/media/Dados/bases/SWDE/nbaplayer/nbaplayer-si/0467.htm",2.4
"/media/Dados/bases/SWDE/nbaplayer/nbaplayer-si/0092.htm",2.9
"/media/Dados/bases/SWDE/nbaplayer/nbaplayer-si/0372.htm",2.3
"/media/Dados/bases/SWDE/nbaplayer/nbaplayer-si/0080.htm",1.3
"/media/Dados/bases/SWDE/nbaplayer/nbaplayer-si/0152.htm",1.7
"/media/Dados/bases/SWDE/nbaplayer/nbaplayer-si/0391.htm",1.2
"/media/Dados/bases/SWDE/nbaplayer/nbaplayer-si/0089.htm",1.8
"/media/Dados/bases/SWDE/nbaplayer/nbaplayer-si/0348.htm",2.1
"/media/Dados/bases/SWDE/nbaplayer/nbaplayer-si/0302.htm",1.3
"/media/Dados/bases/SWDE/nbaplayer/nbaplayer-si/0476.htm",2.0
"/media/Dados/bases/SWDE/nbaplayer/nbaplayer-si/0087.htm",0.4
"/media/Dados/bases/SWDE/nbaplayer/nbaplayer-si/0239.htm",1.0
"/media/Dados/bases/SWDE/nbaplayer/nbaplayer-si/0047.htm",1.9
"/media/Dados/bases/SWDE/nbaplayer/nbaplayer-si/0011.htm",2.6
"/media/Dados/bases/SWDE/nbaplayer/nbaplayer-si/0042.htm",1.8
"/media/Dados/bases/SWDE/nbaplayer/nbaplayer-si/0421.htm",2.0
"/media/Dados/bases/SWDE/nbaplayer/nbaplayer-si/0263.htm",1.0
"/media/Dados/bases/SWDE/nbaplayer/nbaplayer-si/0102.htm",1.8
"/media/Dados/bases/SWDE/nbaplayer/nbaplayer-si/0067.htm",2.1
"/media/Dados/bases/SWDE/nbaplayer/nbaplayer-si/0448.htm",1.6
"/media/Dados/bases/SWDE/nbaplayer/nbaplayer-si/0301.htm",1.9
"/media/Dados/bases/SWDE/nbaplayer/nbaplayer-si/0333.htm",3.0
"/media/Dados/bases/SWDE/nbaplayer/nbaplayer-si/0321.htm",0.7
"/media/Dados/bases/SWDE/nbaplayer/nbaplayer-si/0436.htm",2.1
"/media/Dados/bases/SWDE/nbaplayer/nbaplayer-si/0111.htm",2.6
"/media/Dados/bases/SWDE/nbaplayer/nbaplayer-si/0130.htm",3.8
"/media/Dados/bases/SWDE/nbaplayer/nbaplayer-si/0227.htm",3.0
"/media/Dados/bases/SWDE/nbaplayer/nbaplayer-si/0357.htm",2.2
"/media/Dados/bases/SWDE/nbaplayer/nbaplayer-si/0118.htm",3.2
"/media/Dados/bases/SWDE/nbaplayer/nbaplayer-si/0158.htm",2.5
"/media/Dados/bases/SWDE/nbaplayer/nbaplayer-si/0032.htm",2.4
"/media/Dados/bases/SWDE/nbaplayer/nbaplayer-si/0065.htm",1.3
"/media/Dados/bases/SWDE/nbaplayer/nbaplayer-si/0243.htm",0.2
"/media/Dados/bases/SWDE/nbaplayer/nbaplayer-si/0002.htm",2.7
"/media/Dados/bases/SWDE/nbaplayer/nbaplayer-si/0419.htm",0.0
"/media/Dados/bases/SWDE/nbaplayer/nbaplayer-si/0230.htm",2.2
"/media/Dados/bases/SWDE/nbaplayer/nbaplayer-si/0490.htm",2.5
"/media/Dados/bases/SWDE/nbaplayer/nbaplayer-si/0061.htm",1.6
"/media/Dados/bases/SWDE/nbaplayer/nbaplayer-si/0428.htm",0.9
"/media/Dados/bases/SWDE/nbaplayer/nbaplayer-si/0355.htm",2.2
"/media/Dados/bases/SWDE/nbaplayer/nbaplayer-si/0095.htm",3.4
"/media/Dados/bases/SWDE/nbaplayer/nbaplayer-si/0463.htm",1.8
"/media/Dados/bases/SWDE/nbaplayer/nbaplayer-si/0454.htm",2.0
"/media/Dados/bases/SWDE/nbaplayer/nbaplayer-si/0178.htm",1.1
"/media/Dados/bases/SWDE/nbaplayer/nbaplayer-si/0244.htm",1.2
"/media/Dados/bases/SWDE/nbaplayer/nbaplayer-si/0356.htm",1.0
"/media/Dados/bases/SWDE/nbaplayer/nbaplayer-si/0050.htm",2.8
"/media/Dados/bases/SWDE/nbaplayer/nbaplayer-si/0404.htm",1.9
"/media/Dados/bases/SWDE/nbaplayer/nbaplayer-si/0464.htm",1.4
"/media/Dados/bases/SWDE/nbaplayer/nbaplayer-si/0220.htm",1.3
"/media/Dados/bases/SWDE/nbaplayer/nbaplayer-si/0114.htm",2.1
"/media/Dados/bases/SWDE/nbaplayer/nbaplayer-si/0143.htm",3.1
"/media/Dados/bases/SWDE/nbaplayer/nbaplayer-si/0166.htm",2.3
"/media/Dados/bases/SWDE/nbaplayer/nbaplayer-si/0134.htm",2.0
"/media/Dados/bases/SWDE/nbaplayer/nbaplayer-si/0275.htm",2.2
"/media/Dados/bases/SWDE/nbaplayer/nbaplayer-si/0426.htm",1.7
"/media/Dados/bases/SWDE/nbaplayer/nbaplayer-si/0395.htm",1.6
"/media/Dados/bases/SWDE/nbaplayer/nbaplayer-si/0151.htm",3.4
"/media/Dados/bases/SWDE/nbaplayer/nbaplayer-si/0261.htm",2.3
"/media/Dados/bases/SWDE/nbaplayer/nbaplayer-si/0290.htm",2.7
"/media/Dados/bases/SWDE/nbaplayer/nbaplayer-si/0439.htm",3.8
"/media/Dados/bases/SWDE/nbaplayer/nbaplayer-si/0133.htm",2.0
"/media/Dados/bases/SWDE/nbaplayer/nbaplayer-si/0144.htm",3.6
"/media/Dados/bases/SWDE/nbaplayer/nbaplayer-si/0165.htm",1.4
"/media/Dados/bases/SWDE/nbaplayer/nbaplayer-si/0363.htm",1.9
"/media/Dados/bases/SWDE/nbaplayer/nbaplayer-si/0147.htm",0.0
"/media/Dados/bases/SWDE/nbaplayer/nbaplayer-si/0505.htm",2.0
"/media/Dados/bases/SWDE/nbaplayer/nbaplayer-si/0083.htm",1.5
"/media/Dados/bases/SWDE/nbaplayer/nbaplayer-si/0370.htm",2.0
"/media/Dados/bases/SWDE/nbaplayer/nbaplayer-si/0149.htm",1.2
"/media/Dados/bases/SWDE/nbaplayer/nbaplayer-si/0183.htm",0.0
"/media/Dados/bases/SWDE/nbaplayer/nbaplayer-si/0200.htm",1.6
"/media/Dados/bases/SWDE/nbaplayer/nbaplayer-si/0148.htm",2.3
"/media/Dados/bases/SWDE/nbaplayer/nbaplayer-si/0272.htm",1.6
"/media/Dados/bases/SWDE/nbaplayer/nbaplayer-si/0206.htm",1.7
"/media/Dados/bases/SWDE/nbaplayer/nbaplayer-si/0362.htm",1.9
"/media/Dados/bases/SWDE/nbaplayer/nbaplayer-si/0072.htm",2.5
"/media/Dados/bases/SWDE/nbaplayer/nbaplayer-si/0093.htm",1.6
"/media/Dados/bases/SWDE/nbaplayer/nbaplayer-si/0492.htm",1.2
"/media/Dados/bases/SWDE/nbaplayer/nbaplayer-si/0051.htm",2.9
"/media/Dados/bases/SWDE/nbaplayer/nbaplayer-si/0255.htm",1.8
"/media/Dados/bases/SWDE/nbaplayer/nbaplayer-si/0195.htm",2.4
"/media/Dados/bases/SWDE/nbaplayer/nbaplayer-si/0172.htm",0.5
"/media/Dados/bases/SWDE/nbaplayer/nbaplayer-si/0388.htm",3.1
"/media/Dados/bases/SWDE/nbaplayer/nbaplayer-si/0146.htm",3.0
"/media/Dados/bases/SWDE/nbaplayer/nbaplayer-si/0041.htm",2.8
"/media/Dados/bases/SWDE/nbaplayer/nbaplayer-si/0512.htm",1.5
"/media/Dados/bases/SWDE/nbaplayer/nbaplayer-si/0110.htm",2.5
"/media/Dados/bases/SWDE/nbaplayer/nbaplayer-si/0383.htm",2.3
"/media/Dados/bases/SWDE/nbaplayer/nbaplayer-si/0034.htm",2.0
"/media/Dados/bases/SWDE/nbaplayer/nbaplayer-si/0390.htm",1.5
"/media/Dados/bases/SWDE/nbaplayer/nbaplayer-si/0377.htm",3.2
"/media/Dados/bases/SWDE/nbaplayer/nbaplayer-si/0398.htm",2.4
"/media/Dados/bases/SWDE/nbaplayer/nbaplayer-si/0273.htm",1.4
"/media/Dados/bases/SWDE/nbaplayer/nbaplayer-si/0386.htm",1.9
"/media/Dados/bases/SWDE/nbaplayer/nbaplayer-si/0429.htm",3.6
"/media/Dados/bases/SWDE/nbaplayer/nbaplayer-si/0224.htm",1.9
"/media/Dados/bases/SWDE/nbaplayer/nbaplayer-si/0076.htm",1.2
"/media/Dados/bases/SWDE/nbaplayer/nbaplayer-si/0216.htm",1.7
"/media/Dados/bases/SWDE/nbaplayer/nbaplayer-si/0471.htm",2.7
"/media/Dados/bases/SWDE/nbaplayer/nbaplayer-si/0500.htm",1.4
"/media/Dados/bases/SWDE/nbaplayer/nbaplayer-si/0306.htm",1.8
"/media/Dados/bases/SWDE/nbaplayer/nbaplayer-si/0138.htm",1.8
"/media/Dados/bases/SWDE/nbaplayer/nbaplayer-si/0003.htm",3.2
"/media/Dados/bases/SWDE/nbaplayer/nbaplayer-si/0450.htm",1.7
"/media/Dados/bases/SWDE/nbaplayer/nbaplayer-si/0293.htm",1.3
"/media/Dados/bases/SWDE/nbaplayer/nbaplayer-si/0253.htm",2.2
"/media/Dados/bases/SWDE/nbaplayer/nbaplayer-si/0210.htm",1.7
"/media/Dados/bases/SWDE/nbaplayer/nbaplayer-si/0177.htm",1.8
"/media/Dados/bases/SWDE/nbaplayer/nbaplayer-si/0342.htm",2.7
"/media/Dados/bases/SWDE/nbaplayer/nbaplayer-si/0288.htm",1.4
